-5.0 1.79724494315e-25
-4.99 1.77936205717e-25
-4.98 1.76165710888e-25
-4.97 1.74412832777e-25
-4.96 1.72677396094e-25
-4.95 1.70959227296e-25
-4.94 1.69258154562e-25
-4.93 1.67574007785e-25
-4.92 1.65906618548e-25
-4.91 1.64255820111e-25
-4.9 1.62621447393e-25
-4.89 1.61003336956e-25
-4.88 1.59401326986e-25
-4.87 1.57815257282e-25
-4.86 1.56244969235e-25
-4.85 1.54690305816e-25
-4.84 1.53151111555e-25
-4.83 1.51627232534e-25
-4.82 1.50118516362e-25
-4.81 1.48624812167e-25
-4.8 1.47145970577e-25
-4.79 1.45681843706e-25
-4.78 1.44232285142e-25
-4.77 1.42797149926e-25
-4.76 1.41376294544e-25
-4.75 1.39969576909e-25
-4.74 1.38576856349e-25
-4.73 1.3719799359e-25
-4.72 1.35832850744e-25
-4.71 1.34481291297e-25
-4.7 1.33143180091e-25
-4.69 1.31818383314e-25
-4.68 1.30506768485e-25
-4.67 1.29208204442e-25
-4.66 1.27922561327e-25
-4.65 1.26649710574e-25
-4.64 1.25389524898e-25
-4.63 1.2414187828e-25
-4.62 1.22906645952e-25
-4.61 1.21683704391e-25
-4.6 1.20472931303e-25
-4.59 1.19274205608e-25
-4.58 1.18087407432e-25
-4.57 1.16912418096e-25
-4.56 1.15749120099e-25
-4.55 1.14597397111e-25
-4.54 1.13457133958e-25
-4.53 1.12328216613e-25
-4.52 1.11210532183e-25
-4.51 1.10103968899e-25
-4.5 1.09008416103e-25
-4.49 1.0792376424e-25
-4.48 1.06849904844e-25
-4.47 1.05786730527e-25
-4.46 1.04734134971e-25
-4.45 1.03692012916e-25
-4.44 1.02660260148e-25
-4.43 1.01638773492e-25
-4.42 1.00627450799e-25
-4.41 9.96261909337e-26
-4.4 9.8634893771e-26
-4.39 9.76534601798e-26
-4.38 9.66817920161e-26
-4.37 9.57197921121e-26
-4.36 9.47673642671e-26
-4.35 9.38244132375e-26
-4.34 9.28908447274e-26
-4.33 9.19665653791e-26
-4.32 9.10514827641e-26
-4.31 9.01455053732e-26
-4.3 8.9248542608e-26
-4.29 8.83605047714e-26
-4.28 8.74813030589e-26
-4.27 8.66108495496e-26
-4.26 8.57490571975e-26
-4.25 8.48958398225e-26
-4.24 8.40511121023e-26
-4.23 8.32147895633e-26
-4.22 8.23867885726e-26
-4.21 8.15670263294e-26
-4.2 8.07554208569e-26
-4.19 7.99518909937e-26
-4.18 7.91563563862e-26
-4.17 7.83687374804e-26
-4.16 7.75889555136e-26
-4.15 7.6816932507e-26
-4.14 7.60525912577e-26
-4.13 7.52958553309e-26
-4.12 7.45466490523e-26
-4.11 7.38048975008e-26
-4.1 7.30705265005e-26
-4.09 7.23434626138e-26
-4.08 7.16236331337e-26
-4.07 7.09109660765e-26
-4.06 7.0205390175e-26
-4.05 6.95068348711e-26
-4.04 6.88152303085e-26
-4.03 6.81305073264e-26
-4.02 6.74525974517e-26
-4.01 6.6781432893e-26
-4.0 6.61169465333e-26
-3.99 6.54590719233e-26
-3.98 6.4807743275e-26
-3.97 6.41628954551e-26
-3.96 6.35244639782e-26
-3.95 6.28923850006e-26
-3.94 6.22665953139e-26
-3.93 6.16470323387e-26
-3.92 6.1033634118e-26
-3.91 6.04263393117e-26
-3.9 5.98250871896e-26
-3.89 5.92298176261e-26
-3.88 5.86404710937e-26
-3.87 5.80569886573e-26
-3.86 5.74793119681e-26
-3.85 5.69073832581e-26
-3.84 5.63411453337e-26
-3.83 5.57805415709e-26
-3.82 5.52255159087e-26
-3.81 5.46760128441e-26
-3.8 5.41319774264e-26
-3.79 5.35933552515e-26
-3.78 5.30600924568e-26
-3.77 5.25321357156e-26
-3.76 5.20094322317e-26
-3.75 5.14919297344e-26
-3.74 5.0979576473e-26
-3.73 5.04723212117e-26
-3.72 4.99701132246e-26
-3.71 4.94729022904e-26
-3.7 4.89806386877e-26
-3.69 4.84932731897e-26
-3.68 4.80107570594e-26
-3.67 4.75330420448e-26
-3.66 4.70600803741e-26
-3.65 4.65918247506e-26
-3.64 4.61282283484e-26
-3.63 4.56692448075e-26
-3.62 4.52148282291e-26
-3.61 4.47649331712e-26
-3.6 4.43195146439e-26
-3.59 4.38785281051e-26
-3.58 4.34419294556e-26
-3.57 4.30096750352e-26
-3.56 4.25817216182e-26
-3.55 4.21580264089e-26
-3.54 4.17385470373e-26
-3.53 4.13232415552e-26
-3.52 4.09120684317e-26
-3.51 4.05049865492e-26
-3.5 4.0101955199e-26
-3.49 3.97029340778e-26
-3.48 3.93078832831e-26
-3.47 3.89167633094e-26
-3.46 3.85295350446e-26
-3.45 3.81461597653e-26
-3.44 3.77665991338e-26
-3.43 3.73908151937e-26
-3.42 3.70187703663e-26
-3.41 3.66504274467e-26
-3.4 3.62857496005e-26
-3.39 3.59247003594e-26
-3.38 3.55672436183e-26
-3.37 3.52133436312e-26
-3.36 3.48629650079e-26
-3.35 3.451607271e-26
-3.34 3.41726320482e-26
-3.33 3.38326086781e-26
-3.32 3.34959685971e-26
-3.31 3.31626781408e-26
-3.3 3.283270398e-26
-3.29 3.25060131169e-26
-3.28 3.21825728823e-26
-3.27 3.18623509317e-26
-3.26 3.15453152428e-26
-3.25 3.12314341117e-26
-3.24 3.092067615e-26
-3.23 3.06130102817e-26
-3.22 3.030840574e-26
-3.21 3.00068320641e-26
-3.2 2.97082590964e-26
-3.19 2.94126569794e-26
-3.18 2.91199961525e-26
-3.17 2.88302473496e-26
-3.16 2.85433815954e-26
-3.15 2.82593702032e-26
-3.14 2.79781847715e-26
-3.13 2.76997971816e-26
-3.12 2.74241795946e-26
-3.11 2.71513044483e-26
-3.1 2.68811444551e-26
-3.09 2.66136725988e-26
-3.08 2.63488621319e-26
-3.07 2.60866865731e-26
-3.06 2.58271197048e-26
-3.05 2.557013557e-26
-3.04 2.531570847e-26
-3.03 2.5063812962e-26
-3.02 2.48144238561e-26
-3.01 2.45675162133e-26
-3.0 2.43230653426e-26
-2.99 2.40810467987e-26
-2.98 2.38414363796e-26
-2.97 2.3604210124e-26
-2.96 2.3369344309e-26
-2.95 2.3136815448e-26
-2.94 2.29066002877e-26
-2.93 2.26786758066e-26
-2.92 2.2453019212e-26
-2.91 2.2229607938e-26
-2.9 2.20084196433e-26
-2.89 2.1789432209e-26
-2.88 2.1572623736e-26
-2.87 2.13579725433e-26
-2.86 2.11454571658e-26
-2.85 2.09350563515e-26
-2.84 2.07267490603e-26
-2.83 2.05205144613e-26
-2.82 2.03163319309e-26
-2.81 2.01141810506e-26
-2.8 1.99140416051e-26
-2.79 1.97158935804e-26
-2.78 1.95197171615e-26
-2.77 1.93254927306e-26
-2.76 1.91332008651e-26
-2.75 1.89428223355e-26
-2.74 1.8754338104e-26
-2.73 1.8567729322e-26
-2.72 1.83829773283e-26
-2.71 1.82000636477e-26
-2.7 1.80189699886e-26
-2.69 1.78396782416e-26
-2.68 1.76621704772e-26
-2.67 1.74864289446e-26
-2.66 1.73124360695e-26
-2.65 1.71401744524e-26
-2.64 1.6969626867e-26
-2.63 1.68007762585e-26
-2.62 1.66336057416e-26
-2.61 1.64680985991e-26
-2.6 1.63042382802e-26
-2.59 1.61420083987e-26
-2.58 1.59813927315e-26
-2.57 1.58223752169e-26
-2.56 1.5664939953e-26
-2.55 1.55090711962e-26
-2.54 1.53547533594e-26
-2.53 1.52019710107e-26
-2.52 1.50507088718e-26
-2.51 1.49009518164e-26
-2.5 1.47526848685e-26
-2.49 1.46058932014e-26
-2.48 1.44605621358e-26
-2.47 1.43166771385e-26
-2.46 1.41742238208e-26
-2.45 1.40331879373e-26
-2.44 1.38935553843e-26
-2.43 1.37553121984e-26
-2.42 1.36184445552e-26
-2.41 1.34829387678e-26
-2.4 1.33487812855e-26
-2.39 1.32159586925e-26
-2.38 1.30844577063e-26
-2.37 1.29542651768e-26
-2.36 1.28253680847e-26
-2.35 1.269775354e-26
-2.34 1.25714087813e-26
-2.33 1.24463211739e-26
-2.32 1.2322478209e-26
-2.31 1.21998675022e-26
-2.3 1.20784767923e-26
-2.29 1.19582939402e-26
-2.28 1.18393069274e-26
-2.27 1.17215038552e-26
-2.26 1.16048729431e-26
-2.25 1.1489402528e-26
-2.24 1.13750810627e-26
-2.23 1.1261897115e-26
-2.22 1.11498393664e-26
-2.21 1.10388966111e-26
-2.2 1.09290577546e-26
-2.19 1.08203118129e-26
-2.18 1.07126479115e-26
-2.17 1.06060552838e-26
-2.16 1.05005232705e-26
-2.15 1.03960413182e-26
-2.14 1.02925989787e-26
-2.13 1.01901859077e-26
-2.12 1.00887918638e-26
-2.11 9.98840670752e-27
-2.1 9.8890204002e-27
-2.09 9.79062300316e-27
-2.08 9.69320467658e-27
-2.07 9.59675567854e-27
-2.06 9.50126636407e-27
-2.05 9.40672718416e-27
-2.04 9.3131286848e-27
-2.03 9.22046150607e-27
-2.02 9.12871638118e-27
-2.01 9.03788413553e-27
-2.0 8.94795568582e-27
-1.99 8.85892203914e-27
-1.98 8.77077429205e-27
-1.97 8.6835036297e-27
-1.96 8.59710132494e-27
-1.95 8.51155873748e-27
-1.94 8.42686731299e-27
-1.93 8.34301858225e-27
-1.92 8.26000416033e-27
-1.91 8.1778157457e-27
-1.9 8.09644511946e-27
-1.89 8.01588414448e-27
-1.88 7.9361247646e-27
-1.87 7.8571590038e-27
-1.86 7.77897896545e-27
-1.85 7.70157683149e-27
-1.84 7.62494486162e-27
-1.83 7.54907539259e-27
-1.82 7.4739608374e-27
-1.81 7.39959368451e-27
-1.8 7.32596649716e-27
-1.79 7.25307191257e-27
-1.78 7.18090264121e-27
-1.77 7.1094514661e-27
-1.76 7.03871124206e-27
-1.75 6.96867489501e-27
-1.74 6.89933542125e-27
-1.73 6.83068588679e-27
-1.72 6.76271942661e-27
-1.71 6.69542924401e-27
-1.7 6.62880860991e-27
-1.69 6.5628508622e-27
-1.68 6.49754940504e-27
-1.67 6.43289770823e-27
-1.66 6.36888930656e-27
-1.65 6.30551779913e-27
-1.64 6.24277684873e-27
-1.63 6.18066018122e-27
-1.62 6.11916158488e-27
-1.61 6.05827490979e-27
-1.6 5.99799406725e-27
-1.59 5.9383130291e-27
-1.58 5.87922582722e-27
-1.57 5.82072655281e-27
-1.56 5.76280935591e-27
-1.55 5.70546844474e-27
-1.54 5.64869808518e-27
-1.53 5.59249260013e-27
-1.52 5.536846369e-27
-1.51 5.48175382713e-27
-1.5 5.4272094652e-27
-1.49 5.37320782874e-27
-1.48 5.31974351755e-27
-1.47 5.26681118514e-27
-1.46 5.21440553823e-27
-1.45 5.16252133623e-27
-1.44 5.11115339066e-27
-1.43 5.06029656469e-27
-1.42 5.00994577259e-27
-1.41 4.96009597925e-27
-1.4 4.91074219963e-27
-1.39 4.86187949833e-27
-1.38 4.81350298903e-27
-1.37 4.76560783404e-27
-1.36 4.71818924381e-27
-1.35 4.67124247643e-27
-1.34 4.62476283719e-27
-1.33 4.57874567809e-27
-1.32 4.53318639737e-27
-1.31 4.48808043907e-27
-1.3 4.44342329256e-27
-1.29 4.39921049207e-27
-1.28 4.3554376163e-27
-1.27 4.31210028793e-27
-1.26 4.26919417317e-27
-1.25 4.22671498139e-27
-1.24 4.18465846463e-27
-1.23 4.14302041721e-27
-1.22 4.10179667527e-27
-1.21 4.06098311643e-27
-1.2 4.02057565928e-27
-1.19 3.98057026304e-27
-1.18 3.94096292715e-27
-1.17 3.90174969084e-27
-1.16 3.86292663275e-27
-1.15 3.82448987054e-27
-1.14 3.7864355605e-27
-1.13 3.74875989717e-27
-1.12 3.71145911296e-27
-1.11 3.67452947776e-27
-1.1 3.63796729856e-27
-1.09 3.60176891912e-27
-1.08 3.56593071958e-27
-1.07 3.53044911608e-27
-1.06 3.49532056044e-27
-1.05 3.46054153976e-27
-1.04 3.42610857612e-27
-1.03 3.3920182262e-27
-1.02 3.35826708092e-27
-1.01 3.32485176515e-27
-1.0 3.29176893733e-27
-0.99 3.25901528914e-27
-0.98 3.2265875452e-27
-0.97 3.1944824627e-27
-0.96 3.16269683111e-27
-0.95 3.13122747184e-27
-0.94 3.10007123793e-27
-0.93 3.06922501372e-27
-0.92 3.03868571457e-27
-0.91 3.00845028653e-27
-0.9 2.97851570602e-27
-0.89 2.94887897957e-27
-0.88 2.91953714347e-27
-0.87 2.89048726351e-27
-0.86 2.8617264347e-27
-0.85 2.83325178091e-27
-0.84 2.80506045466e-27
-0.83 2.77714963679e-27
-0.82 2.7495165362e-27
-0.81 2.72215838955e-27
-0.8 2.69507246102e-27
-0.79 2.66825604197e-27
-0.78 2.64170645075e-27
-0.77 2.61542103238e-27
-0.76 2.58939715829e-27
-0.75 2.56363222608e-27
-0.74 2.53812365922e-27
-0.73 2.51286890685e-27
-0.72 2.48786544346e-27
-0.71 2.46311076869e-27
-0.7 2.43860240705e-27
-0.69 2.41433790768e-27
-0.68 2.39031484411e-27
-0.67 2.36653081402e-27
-0.66 2.34298343898e-27
-0.65 2.31967036424e-27
-0.64 2.29658925847e-27
-0.63 2.27373781354e-27
-0.62 2.25111374428e-27
-0.61 2.22871478828e-27
-0.6 2.20653870561e-27
-0.59 2.18458327865e-27
-0.58 2.16284631184e-27
-0.57 2.14132563146e-27
-0.56 2.12001908543e-27
-0.55 2.09892454307e-27
-0.54 2.07803989492e-27
-0.53 2.05736305249e-27
-0.52 2.03689194808e-27
-0.51 2.01662453456e-27
-0.5 1.99655878518e-27
-0.49 1.97669269334e-27
-0.48 1.95702427241e-27
-0.47 1.93755155554e-27
-0.46 1.91827259545e-27
-0.45 1.89918546421e-27
-0.44 1.8802882531e-27
-0.43 1.86157907238e-27
-0.42 1.84305605112e-27
-0.41 1.824717337e-27
-0.4 1.80656109614e-27
-0.39 1.78858551289e-27
-0.38 1.77078878968e-27
-0.37 1.75316914683e-27
-0.36 1.73572482235e-27
-0.35 1.7184540718e-27
-0.34 1.7013551681e-27
-0.33 1.68442640132e-27
-0.32 1.66766607859e-27
-0.31 1.65107252386e-27
-0.3 1.63464407775e-27
-0.29 1.61837909742e-27
-0.28 1.60227595634e-27
-0.27 1.5863330442e-27
-0.26 1.57054876668e-27
-0.25 1.55492154535e-27
-0.24 1.53944981746e-27
-0.23 1.52413203584e-27
-0.22 1.5089666687e-27
-0.21 1.49395219948e-27
-0.2 1.47908712672e-27
-0.19 1.46436996391e-27
-0.18 1.44979923932e-27
-0.17 1.43537349586e-27
-0.16 1.42109129094e-27
-0.15 1.40695119634e-27
-0.14 1.39295179803e-27
-0.13 1.37909169606e-27
-0.12 1.36536950441e-27
-0.11 1.35178385084e-27
-0.1 1.33833337679e-27
-0.0900000000001 1.3250167372e-27
-0.0800000000001 1.31183260038e-27
-0.0700000000001 1.29877964791e-27
-0.0600000000001 1.28585657449e-27
-0.0500000000001 1.2730620878e-27
-0.0400000000001 1.26039490838e-27
-0.0300000000001 1.2478537695e-27
-0.0200000000001 1.23543741703e-27
-0.0100000000001 1.22314460934e-27
0.0 1.21097411713e-27
0.00999999999994 1.19892472334e-27
0.0199999999999 1.18699522302e-27
0.0299999999999 1.17518442321e-27
0.0399999999999 1.16349114282e-27
0.0499999999999 1.15191421252e-27
0.0599999999999 1.1404524746e-27
0.0699999999999 1.12910478288e-27
0.0799999999999 1.11787000257e-27
0.0899999999999 1.1067470102e-27
0.0999999999999 1.09573469345e-27
0.11 1.08483195109e-27
0.12 1.07403769282e-27
0.13 1.06335083921e-27
0.14 1.05277032158e-27
0.15 1.04229508186e-27
0.16 1.03192407251e-27
0.17 1.02165625643e-27
0.18 1.01149060683e-27
0.19 1.00142610713e-27
0.2 9.91461750875e-28
0.21 9.81596541623e-28
0.22 9.71829492842e-28
0.23 9.62159627821e-28
0.24 9.52585979564e-28
0.25 9.431075907e-28
0.26 9.3372351338e-28
0.27 9.24432809189e-28
0.28 9.1523454905e-28
0.29 9.06127813129e-28
0.3 8.97111690743e-28
0.31 8.88185280275e-28
0.32 8.79347689075e-28
0.33 8.70598033376e-28
0.34 8.61935438206e-28
0.35 8.53359037299e-28
0.36 8.44867973006e-28
0.37 8.36461396215e-28
0.38 8.2813846626e-28
0.39 8.19898350842e-28
0.4 8.11740225942e-28
0.41 8.03663275742e-28
0.42 7.95666692538e-28
0.43 7.87749676667e-28
0.44 7.7991143642e-28
0.45 7.72151187967e-28
0.46 7.64468155276e-28
0.47 7.56861570038e-28
0.48 7.49330671587e-28
0.49 7.41874706828e-28
0.5 7.34492930157e-28
0.51 7.27184603392e-28
0.52 7.19948995693e-28
0.53 7.12785383494e-28
0.54 7.05693050427e-28
0.55 6.98671287253e-28
0.56 6.91719391791e-28
0.57 6.84836668843e-28
0.58 6.78022430134e-28
0.59 6.71275994232e-28
0.6 6.64596686489e-28
0.61 6.57983838969e-28
0.62 6.51436790381e-28
0.63 6.44954886015e-28
0.64 6.38537477675e-28
0.65 6.32183923614e-28
0.66 6.25893588473e-28
0.67 6.19665843213e-28
0.68 6.13500065053e-28
0.69 6.0739563741e-28
0.7 6.01351949838e-28
0.71 5.95368397962e-28
0.72 5.89444383422e-28
0.73 5.83579313811e-28
0.74 5.77772602618e-28
0.75 5.72023669167e-28
0.76 5.66331938559e-28
0.77 5.60696841618e-28
0.78 5.55117814827e-28
0.79 5.49594300281e-28
0.8 5.44125745623e-28
0.81 5.38711603992e-28
0.82 5.33351333971e-28
0.83 5.28044399528e-28
0.84 5.22790269965e-28
0.85 5.17588419865e-28
0.86 5.12438329037e-28
0.87 5.0733948247e-28
0.88 5.02291370274e-28
0.89 4.97293487633e-28
0.9 4.92345334756e-28
0.91 4.87446416822e-28
0.92 4.82596243937e-28
0.93 4.77794331077e-28
0.94 4.73040198049e-28
0.95 4.68333369436e-28
0.96 4.63673374549e-28
0.97 4.59059747386e-28
0.98 4.5449202658e-28
0.99 4.49969755356e-28
1.0 4.45492481483e-28
1.01 4.41059757228e-28
1.02 4.36671139317e-28
1.03 4.32326188884e-28
1.04 4.2802447143e-28
1.05 4.2376555678e-28
1.06 4.19549019039e-28
1.07 4.15374436549e-28
1.08 4.11241391849e-28
1.09 4.07149471631e-28
1.1 4.03098266699e-28
1.11 3.9908737193e-28
1.12 3.95116386231e-28
1.13 3.91184912499e-28
1.14 3.87292557585e-28
1.15 3.8343893225e-28
1.16 3.79623651127e-28
1.17 3.75846332685e-28
1.18 3.7210659919e-28
1.19 3.68404076665e-28
1.2 3.64738394855e-28
1.21 3.61109187188e-28
1.22 3.57516090741e-28
1.23 3.53958746201e-28
1.24 3.5043679783e-28
1.25 3.46949893431e-28
1.26 3.43497684311e-28
1.27 3.40079825245e-28
1.28 3.36695974445e-28
1.29 3.33345793524e-28
1.3 3.30028947459e-28
1.31 3.26745104564e-28
1.32 3.23493936452e-28
1.33 3.20275118003e-28
1.34 3.17088327333e-28
1.35 3.1393324576e-28
1.36 3.10809557773e-28
1.37 3.07716951001e-28
1.38 3.0465511618e-28
1.39 3.01623747125e-28
1.4 2.98622540696e-28
1.41 2.9565119677e-28
1.42 2.9270941821e-28
1.43 2.89796910835e-28
1.44 2.86913383394e-28
1.45 2.84058547529e-28
1.46 2.81232117756e-28
1.47 2.7843381143e-28
1.48 2.75663348716e-28
1.49 2.72920452567e-28
1.5 2.70204848691e-28
1.51 2.67516265524e-28
1.52 2.64854434208e-28
1.53 2.62219088555e-28
1.54 2.5960996503e-28
1.55 2.57026802717e-28
1.56 2.54469343299e-28
1.57 2.51937331028e-28
1.58 2.49430512699e-28
1.59 2.4694863763e-28
1.6 2.4449145763e-28
1.61 2.4205872698e-28
1.62 2.39650202404e-28
1.63 2.37265643048e-28
1.64 2.34904810454e-28
1.65 2.32567468537e-28
1.66 2.3025338356e-28
1.67 2.27962324114e-28
1.68 2.2569406109e-28
1.69 2.23448367661e-28
1.7 2.21225019254e-28
1.71 2.19023793533e-28
1.72 2.16844470375e-28
1.73 2.14686831844e-28
1.74 2.12550662175e-28
1.75 2.1043574775e-28
1.76 2.08341877075e-28
1.77 2.06268840761e-28
1.78 2.04216431503e-28
1.79 2.02184444058e-28
1.8 2.00172675227e-28
1.81 1.98180923829e-28
1.82 1.96208990689e-28
1.83 1.94256678612e-28
1.84 1.92323792365e-28
1.85 1.90410138657e-28
1.86 1.88515526121e-28
1.87 1.86639765295e-28
1.88 1.84782668602e-28
1.89 1.82944050329e-28
1.9 1.81123726613e-28
1.91 1.79321515422e-28
1.92 1.77537236531e-28
1.93 1.75770711512e-28
1.94 1.7402176371e-28
1.95 1.7229021823e-28
1.96 1.70575901915e-28
1.97 1.68878643333e-28
1.98 1.67198272755e-28
1.99 1.65534622145e-28
2.0 1.63887525134e-28
2.01 1.62256817012e-28
2.02 1.60642334708e-28
2.03 1.59043916771e-28
2.04 1.57461403357e-28
2.05 1.55894636216e-28
2.06 1.54343458668e-28
2.07 1.52807715595e-28
2.08 1.5128725342e-28
2.09 1.49781920097e-28
2.1 1.4829156509e-28
2.11 1.46816039364e-28
2.12 1.45355195364e-28
2.13 1.43908887005e-28
2.14 1.42476969654e-28
2.15 1.41059300119e-28
2.16 1.39655736632e-28
2.17 1.38266138835e-28
2.18 1.36890367766e-28
2.19 1.35528285849e-28
2.2 1.34179756873e-28
2.21 1.32844645985e-28
2.22 1.31522819672e-28
2.23 1.3021414575e-28
2.24 1.28918493352e-28
2.25 1.2763573291e-28
2.26 1.26365736148e-28
2.27 1.25108376065e-28
2.28 1.23863526924e-28
2.29 1.22631064238e-28
2.3 1.21410864762e-28
2.31 1.20202806473e-28
2.32 1.19006768564e-28
2.33 1.17822631432e-28
2.34 1.16650276661e-28
2.35 1.15489587015e-28
2.36 1.14340446424e-28
2.37 1.13202739973e-28
2.38 1.1207635389e-28
2.39 1.10961175536e-28
2.4 1.09857093392e-28
2.41 1.08763997049e-28
2.42 1.07681777197e-28
2.43 1.06610325611e-28
2.44 1.05549535147e-28
2.45 1.04499299725e-28
2.46 1.0345951432e-28
2.47 1.02430074952e-28
2.48 1.01410878677e-28
2.49 1.00401823575e-28
2.5 9.94028087381e-29
2.51 9.84137342654e-29
2.52 9.74345012481e-29
2.53 9.64650117621e-29
2.54 9.55051688577e-29
2.55 9.45548765497e-29
2.56 9.36140398082e-29
2.57 9.26825645487e-29
2.58 9.17603576229e-29
2.59 9.08473268093e-29
2.6 8.99433808041e-29
2.61 8.9048429212e-29
2.62 8.81623825369e-29
2.63 8.72851521736e-29
2.64 8.64166503983e-29
2.65 8.555679036e-29
2.66 8.4705486072e-29
2.67 8.38626524032e-29
2.68 8.30282050696e-29
2.69 8.22020606256e-29
2.7 8.13841364562e-29
2.71 8.05743507683e-29
2.72 7.97726225826e-29
2.73 7.89788717257e-29
2.74 7.81930188217e-29
2.75 7.74149852848e-29
2.76 7.66446933109e-29
2.77 7.58820658702e-29
2.78 7.51270266993e-29
2.79 7.43795002937e-29
2.8 7.36394119002e-29
2.81 7.29066875091e-29
2.82 7.21812538476e-29
2.83 7.14630383716e-29
2.84 7.07519692591e-29
2.85 7.00479754024e-29
2.86 6.93509864016e-29
2.87 6.86609325572e-29
2.88 6.79777448633e-29
2.89 6.73013550006e-29
2.9 6.66316953294e-29
2.91 6.59686988833e-29
2.92 6.53122993621e-29
2.93 6.46624311252e-29
2.94 6.40190291853e-29
2.95 6.33820292017e-29
2.96 6.27513674738e-29
2.97 6.2126980935e-29
2.98 6.1508807146e-29
2.99 6.08967842891e-29
3.0 6.02908511612e-29
3.01 5.96909471688e-29
3.02 5.90970123208e-29
3.03 5.85089872233e-29
3.04 5.79268130732e-29
3.05 5.73504316528e-29
3.06 5.67797853233e-29
3.07 5.62148170196e-29
3.08 5.56554702445e-29
3.09 5.51016890628e-29
3.1 5.45534180959e-29
3.11 5.40106025163e-29
3.12 5.3473188042e-29
3.13 5.2941120931e-29
3.14 5.24143479762e-29
3.15 5.18928164999e-29
3.16 5.13764743485e-29
3.17 5.08652698874e-29
3.18 5.03591519956e-29
3.19 4.9858070061e-29
3.2 4.9361973975e-29
3.21 4.88708141274e-29
3.22 4.8384541402e-29
3.23 4.79031071711e-29
3.24 4.74264632908e-29
3.25 4.69545620964e-29
3.26 4.64873563973e-29
3.27 4.60247994726e-29
3.28 4.55668450662e-29
3.29 4.51134473823e-29
3.3 4.46645610807e-29
3.31 4.42201412724e-29
3.32 4.37801435151e-29
3.33 4.33445238086e-29
3.34 4.29132385907e-29
3.35 4.24862447323e-29
3.36 4.20634995339e-29
3.37 4.16449607204e-29
3.38 4.12305864377e-29
3.39 4.08203352481e-29
3.4 4.04141661259e-29
3.41 4.00120384541e-29
3.42 3.96139120194e-29
3.43 3.9219747009e-29
3.44 3.88295040059e-29
3.45 3.84431439856e-29
3.46 3.80606283118e-29
3.47 3.76819187325e-29
3.48 3.73069773764e-29
3.49 3.69357667492e-29
3.5 3.65682497295e-29
3.51 3.62043895652e-29
3.52 3.584414987e-29
3.53 3.54874946196e-29
3.54 3.51343881484e-29
3.55 3.47847951452e-29
3.56 3.44386806505e-29
3.57 3.40960100525e-29
3.58 3.3756749084e-29
3.59 3.34208638185e-29
3.6 3.30883206673e-29
3.61 3.27590863757e-29
3.62 3.243312802e-29
3.63 3.21104130042e-29
3.64 3.17909090564e-29
3.65 3.14745842261e-29
3.66 3.11614068803e-29
3.67 3.08513457013e-29
3.68 3.05443696825e-29
3.69 3.02404481261e-29
3.7 2.99395506397e-29
3.71 2.96416471334e-29
3.72 2.93467078165e-29
3.73 2.90547031948e-29
3.74 2.87656040676e-29
3.75 2.84793815249e-29
3.76 2.8196006944e-29
3.77 2.79154519873e-29
3.78 2.7637688599e-29
3.79 2.73626890027e-29
3.8 2.7090425698e-29
3.81 2.68208714585e-29
3.82 2.65539993285e-29
3.83 2.62897826206e-29
3.84 2.60281949128e-29
3.85 2.57692100462e-29
3.86 2.55128021221e-29
3.87 2.52589454995e-29
3.88 2.50076147924e-29
3.89 2.47587848677e-29
3.9 2.45124308421e-29
3.91 2.426852808e-29
3.92 2.40270521909e-29
3.93 2.37879790271e-29
3.94 2.3551284681e-29
3.95 2.3316945483e-29
3.96 2.3084937999e-29
3.97 2.2855239028e-29
3.98 2.26278256e-29
3.99 2.24026749734e-29
4.0 2.21797646329e-29
4.01 2.19590722874e-29
4.02 2.17405758675e-29
4.03 2.15242535232e-29
4.04 2.13100836222e-29
4.05 2.10980447474e-29
4.06 2.08881156946e-29
4.07 2.06802754707e-29
4.08 2.04745032917e-29
4.09 2.027077858e-29
4.1 2.00690809631e-29
4.11 1.9869390271e-29
4.12 1.96716865345e-29
4.13 1.94759499831e-29
4.14 1.92821610429e-29
4.15 1.90903003348e-29
4.16 1.89003486727e-29
4.17 1.87122870612e-29
4.18 1.8526096694e-29
4.19 1.83417589519e-29
4.2 1.8159255401e-29
4.21 1.79785677908e-29
4.22 1.77996780523e-29
4.23 1.76225682965e-29
4.24 1.74472208122e-29
4.25 1.72736180645e-29
4.26 1.7101742693e-29
4.27 1.693157751e-29
4.28 1.67631054989e-29
4.29 1.65963098123e-29
4.3 1.64311737705e-29
4.31 1.62676808598e-29
4.32 1.61058147307e-29
4.33 1.59455591966e-29
4.34 1.57868982316e-29
4.35 1.56298159696e-29
4.36 1.54742967022e-29
4.37 1.53203248774e-29
4.38 1.51678850979e-29
4.39 1.50169621195e-29
4.4 1.48675408498e-29
4.41 1.47196063466e-29
4.42 1.45731438163e-29
4.43 1.44281386126e-29
4.44 1.42845762347e-29
4.45 1.41424423263e-29
4.46 1.4001722674e-29
4.47 1.38624032056e-29
4.48 1.3724469989e-29
4.49 1.35879092309e-29
4.5 1.34527072751e-29
4.51 1.33188506012e-29
4.52 1.31863258234e-29
4.53 1.30551196892e-29
4.54 1.29252190779e-29
4.55 1.27966109993e-29
4.56 1.26692825924e-29
4.57 1.25432211243e-29
4.58 1.24184139888e-29
4.59 1.2294848705e-29
4.6 1.21725129164e-29
4.61 1.20513943892e-29
4.62 1.19314810115e-29
4.63 1.18127607918e-29
4.64 1.1695221858e-29
4.65 1.15788524562e-29
4.66 1.14636409493e-29
4.67 1.1349575816e-29
4.68 1.12366456497e-29
4.69 1.11248391574e-29
4.7 1.10141451583e-29
4.71 1.09045525828e-29
4.72 1.07960504717e-29
4.73 1.06886279747e-29
4.74 1.05822743494e-29
4.75 1.04769789603e-29
4.76 1.03727312778e-29
4.77 1.02695208771e-29
4.78 1.01673374371e-29
4.79 1.00661707393e-29
4.8 9.96601066689e-30
4.81 9.86684720389e-30
4.82 9.76867043384e-30
4.83 9.67147053898e-30
4.84 9.57523779922e-30
4.85 9.47996259123e-30
4.86 9.38563538739e-30
4.87 9.29224675492e-30
4.88 9.19978735487e-30
4.89 9.10824794121e-30
4.9 9.01761935994e-30
4.91 8.92789254813e-30
4.92 8.839058533e-30
4.93 8.7511084311e-30
4.94 8.66403344733e-30
4.95 8.57782487413e-30
4.96 8.49247409056e-30
4.97 8.40797256148e-30
4.98 8.32431183666e-30
4.99 8.24148354996e-30
5.0 8.15947941848e-30
