-5.0 1.27506892177e-07
-4.99 1.30170571646e-07
-4.98 1.32874775526e-07
-4.97 1.35619281059e-07
-4.96 1.38403841765e-07
-4.95 1.41228188803e-07
-4.94 1.44092032536e-07
-4.93 1.46995064303e-07
-4.92 1.49936958436e-07
-4.91 1.52917374509e-07
-4.9 1.55935959855e-07
-4.89 1.58992352362e-07
-4.88 1.62086183557e-07
-4.87 1.65217082015e-07
-4.86 1.68384677085e-07
-4.85 1.71588602983e-07
-4.84 1.74828503238e-07
-4.83 1.78104035549e-07
-4.82 1.81414877032e-07
-4.81 1.84760729918e-07
-4.8 1.88141327693e-07
-4.79 1.91556441719e-07
-4.78 1.95005888347e-07
-4.77 1.98489536548e-07
-4.76 2.02007316086e-07
-4.75 2.05559226238e-07
-4.74 2.09145345099e-07
-4.73 2.12765839474e-07
-4.72 2.16420975377e-07
-4.71 2.20111129157e-07
-4.7 2.23836799242e-07
-4.69 2.27598618534e-07
-4.68 2.31397367433e-07
-4.67 2.35233987509e-07
-4.66 2.39109595794e-07
-4.65 2.43025499703e-07
-4.64 2.4698321254e-07
-4.63 2.50984469583e-07
-4.62 2.55031244694e-07
-4.61 2.5912576741e-07
-4.6 2.63270540465e-07
-4.59 2.67468357657e-07
-4.58 2.71722321997e-07
-4.57 2.76035864017e-07
-4.56 2.80412760151e-07
-4.55 2.84857151036e-07
-4.54 2.89373559613e-07
-4.53 2.93966908846e-07
-4.52 2.98642538903e-07
-4.51 3.03406223586e-07
-4.5 3.08264185821e-07
-4.49 3.13223111976e-07
-4.48 3.18290164773e-07
-4.47 3.23472994566e-07
-4.46 3.28779748708e-07
-4.45 3.34219078787e-07
-4.44 3.39800145457e-07
-4.43 3.45532620621e-07
-4.42 3.51426686753e-07
-4.41 3.57493033117e-07
-4.4 3.63742848704e-07
-4.39 3.70187811735e-07
-4.38 3.76840075579e-07
-4.37 3.83712251026e-07
-4.36 3.90817384866e-07
-4.35 3.98168934789e-07
-4.34 4.05780740676e-07
-4.33 4.13666992415e-07
-4.32 4.21842194408e-07
-4.31 4.30321127019e-07
-4.3 4.39118805253e-07
-4.29 4.48250434993e-07
-4.28 4.57731367185e-07
-4.27 4.67577050365e-07
-4.26 4.7780298198e-07
-4.25 4.88424658914e-07
-4.24 4.99457527705e-07
-4.23 5.10916934842e-07
-4.22 5.2281807759e-07
-4.21 5.3517595571e-07
-4.2 5.48005324413e-07
-4.19 5.61320648857e-07
-4.18 5.75136060421e-07
-4.17 5.89465314953e-07
-4.16 6.04321753125e-07
-4.15 6.19718262967e-07
-4.14 6.35667244606e-07
-4.13 6.52180577187e-07
-4.12 6.69269587893e-07
-4.11 6.8694502296e-07
-4.1 7.05217020539e-07
-4.09 7.24095085218e-07
-4.08 7.4358806404e-07
-4.07 7.63704123776e-07
-4.06 7.84450729275e-07
-4.05 8.05834622643e-07
-4.04 8.27861803073e-07
-4.03 8.50537507108e-07
-4.02 8.73866189145e-07
-4.01 8.97851502023e-07
-4.0 9.22496277523e-07
-3.99 9.47802506649e-07
-3.98 9.73771319574e-07
-3.97 1.00040296515e-06
-3.96 1.0276967899e-06
-3.95 1.05565121645e-06
-3.94 1.08426372134e-06
-3.93 1.11353081224e-06
-3.92 1.14344800446e-06
-3.91 1.17400979694e-06
-3.9 1.20520964756e-06
-3.89 1.23703994801e-06
-3.88 1.26949199808e-06
-3.87 1.30255597961e-06
-3.86 1.3362209301e-06
-3.85 1.37047471611e-06
-3.84 1.40530400648e-06
-3.83 1.44069424572e-06
-3.82 1.47662962735e-06
-3.81 1.51309306772e-06
-3.8 1.55006618015e-06
-3.79 1.58752924979e-06
-3.78 1.62546120925e-06
-3.77 1.66383961529e-06
-3.76 1.70264062672e-06
-3.75 1.74183898377e-06
-3.74 1.78140798923e-06
-3.73 1.82131949157e-06
-3.72 1.86154387033e-06
-3.71 1.90205002418e-06
-3.7 1.94280536192e-06
-3.69 1.98377579682e-06
-3.68 2.0249257447e-06
-3.67 2.06621812624e-06
-3.66 2.10761437393e-06
-3.65 2.14907444423e-06
-3.64 2.19055683552e-06
-3.63 2.23201861247e-06
-3.62 2.27341543745e-06
-3.61 2.31470160988e-06
-3.6 2.3558301142e-06
-3.59 2.39675267745e-06
-3.58 2.43741983748e-06
-3.57 2.4777810228e-06
-3.56 2.51778464547e-06
-3.55 2.55737820813e-06
-3.54 2.5965084269e-06
-3.53 2.63512137162e-06
-3.52 2.67316262539e-06
-3.51 2.71057746522e-06
-3.5 2.74731106635e-06
-3.49 2.78330873231e-06
-3.48 2.81851615378e-06
-3.47 2.85287969912e-06
-3.46 2.88634673995e-06
-3.45 2.91886601548e-06
-3.44 2.95038803963e-06
-3.43 2.98086555553e-06
-3.42 3.01025404225e-06
-3.41 3.03851227916e-06
-3.4 3.06560297392e-06
-3.39 3.09149346033e-06
-3.38 3.11615647309e-06
-3.37 3.13957100673e-06
-3.36 3.16172326652e-06
-3.35 3.18260771947e-06
-3.34 3.20222825375e-06
-3.33 3.22059945462e-06
-3.32 3.23774800504e-06
-3.31 3.25371421783e-06
-3.3 3.26855370536e-06
-3.29 3.2823391903e-06
-3.28 3.29516245822e-06
-3.27 3.30713644816e-06
-3.26 3.31839747173e-06
-3.25 3.32910754347e-06
-3.24 3.33945679552e-06
-3.23 3.34966593705e-06
-3.22 3.35998870445e-06
-3.21 3.37071423053e-06
-3.2 3.38216924102e-06
-3.19 3.39471996555e-06
-3.18 3.40877362823e-06
-3.17 3.42477936308e-06
-3.16 3.44322838362e-06
-3.15 3.46465322908e-06
-3.14 3.48962591399e-06
-3.13 3.51875482998e-06
-3.12 3.55268029061e-06
-3.11 3.5920686745e-06
-3.1 3.63760520884e-06
-3.09 3.68998553864e-06
-3.08 3.74990633883e-06
-3.07 3.81805533287e-06
-3.06 3.89510116776e-06
-3.05 3.98168364523e-06
-3.04 4.07840481187e-06
-3.03 4.1858213615e-06
-3.02 4.30443870516e-06
-3.01 4.4347069299e-06
-3.0 4.57701871625e-06
-2.99 4.73170913484e-06
-2.98 4.8990571161e-06
-2.97 5.07928829451e-06
-2.96 5.27257887771e-06
-2.95 5.47906017978e-06
-2.94 5.69882347996e-06
-2.93 5.93192491377e-06
-2.92 6.17839016294e-06
-2.91 6.43821877289e-06
-2.9 6.71138798684e-06
-2.89 6.9978560369e-06
-2.88 7.29756487469e-06
-2.87 7.6104423548e-06
-2.86 7.93640390602e-06
-2.85 8.2753537383e-06
-2.84 8.62718563951e-06
-2.83 8.99178341829e-06
-2.82 9.36902104686e-06
-2.81 9.75876255432e-06
-2.8 1.01608617156e-05
-2.79 1.05751615757e-05
-2.78 1.10014938443e-05
-2.77 1.14396781882e-05
-2.76 1.18895214478e-05
-2.75 1.23508167971e-05
-2.74 1.28233428635e-05
-2.73 1.33068628213e-05
-2.72 1.38011234708e-05
-2.71 1.43058543112e-05
-2.7 1.48207666143e-05
-2.69 1.53455525072e-05
-2.68 1.5879884066e-05
-2.67 1.6423412428e-05
-2.66 1.69757669231e-05
-2.65 1.75365542304e-05
-2.64 1.810535756e-05
-2.63 1.86817358659e-05
-2.62 1.92652230899e-05
-2.61 1.98553274406e-05
-2.6 2.04515307099e-05
-2.59 2.10532876289e-05
-2.58 2.16600252674e-05
-2.57 2.22711424783e-05
-2.56 2.28860093912e-05
-2.55 2.35039669574e-05
-2.54 2.41243265515e-05
-2.53 2.47463696304e-05
-2.52 2.53693474572e-05
-2.51 2.59924808909e-05
-2.5 2.66149602483e-05
-2.49 2.72359452432e-05
-2.48 2.78545650058e-05
-2.47 2.84699181904e-05
-2.46 2.90810731757e-05
-2.45 2.9687068365e-05
-2.44 3.02869125916e-05
-2.43 3.08795856389e-05
-2.42 3.1464038882e-05
-2.41 3.20391960587e-05
-2.4 3.26039541816e-05
-2.39 3.31571845991e-05
-2.38 3.36977342189e-05
-2.37 3.42244269044e-05
-2.36 3.47360650601e-05
-2.35 3.52314314194e-05
-2.34 3.57092910529e-05
-2.33 3.61683936169e-05
-2.32 3.66074758628e-05
-2.31 3.70252644326e-05
-2.3 3.74204789687e-05
-2.29 3.77918355693e-05
-2.28 3.81380506262e-05
-2.27 3.84578450869e-05
-2.26 3.87499491907e-05
-2.25 3.90131077329e-05
-2.24 3.9246085925e-05
-2.23 3.94476759261e-05
-2.22 3.96167041352e-05
-2.21 3.97520393492e-05
-2.2 3.98526019109e-05
-2.19 3.99173739915e-05
-2.18 3.99454111809e-05
-2.17 3.99358555869e-05
-2.16 3.98879506867e-05
-2.15 3.98010582119e-05
-2.14 3.96746774075e-05
-2.13 3.95084670605e-05
-2.12 3.93022707685e-05
-2.11 3.90561460006e-05
-2.1 3.8770397595e-05
-2.09 3.84456164407e-05
-2.08 3.80827242017e-05
-2.07 3.76830250474e-05
-2.06 3.72482654551e-05
-2.05 3.67807032095e-05
-2.04 3.62831867264e-05
-2.03 3.57592457047e-05
-2.02 3.52131937968e-05
-2.01 3.46502433618e-05
-2.0 3.40766312753e-05
-1.99 3.34997530192e-05
-1.98 3.29282996167e-05
-1.97 3.23723882025e-05
-1.96 3.18436719799e-05
-1.95 3.13554091782e-05
-1.94 3.09224640518e-05
-1.93 3.05612075155e-05
-1.92 3.02892833165e-05
-1.91 3.01252113007e-05
-1.9 3.00878159154e-05
-1.89 3.0195497135e-05
-1.88 3.04653993249e-05
-1.87 3.09125715591e-05
-1.86 3.15492361518e-05
-1.85 3.23842774194e-05
-1.84 3.34230260454e-05
-1.83 3.46673557361e-05
-1.82 3.61160481728e-05
-1.81 3.77653395987e-05
-1.8 3.96095479961e-05
-1.79 4.16416913631e-05
-1.78 4.3854034428e-05
-1.77 4.62385312527e-05
-1.76 4.87871562175e-05
-1.75 5.14921324218e-05
-1.74 5.4346074892e-05
-1.73 5.73420682916e-05
-1.72 6.04736974862e-05
-1.71 6.37350462821e-05
-1.7 6.71206762002e-05
-1.69 7.0625593949e-05
-1.68 7.42452136228e-05
-1.67 7.79753176051e-05
-1.66 8.18120186697e-05
-1.65 8.57517247128e-05
-1.64 8.97911068379e-05
-1.63 9.39270710434e-05
-1.62 9.81567334683e-05
-1.61 0.00010247739897
-1.6 0.00010688654271
-1.59 0.000111381794388
-1.58 0.00011596092471
-1.57 0.000120621833747
-1.56 0.000125362540774
-1.55 0.000130181175278
-1.54 0.000135075968773
-1.53 0.00014004524716
-1.52 0.000145087423307
-1.51 0.000150200989639
-1.5 0.000155384510453
-1.49 0.000160636613786
-1.48 0.000165955982598
-1.47 0.000171341345126
-1.46 0.000176791464219
-1.45 0.000182305125543
-1.44 0.000187881124504
-1.43 0.000193518251815
-1.42 0.000199215277617
-1.41 0.000204970934088
-1.4 0.000210783896527
-1.39 0.000216652762891
-1.38 0.000222576031793
-1.37 0.000228552079035
-1.36 0.000234579132704
-1.35 0.000240655246971
-1.34 0.000246778274689
-1.33 0.000252945838956
-1.32 0.000259155303838
-1.31 0.000265403744439
-1.3 0.000271687916579
-1.29 0.000278004226338
-1.28 0.000284348699758
-1.27 0.00029071695302
-1.26 0.000297104163435
-1.25 0.000303505041623
-1.24 0.000309913805246
-1.23 0.00031632415472
-1.22 0.000322729251319
-1.21 0.000329121698112
-1.2 0.000335493524213
-1.19 0.000341836172806
-1.18 0.000348140493467
-1.17 0.000354396739293
-1.16 0.000360594569403
-1.15 0.00036672305738
-1.14 0.00037277070627
-1.13 0.000378725470791
-1.12 0.000384574787438
-1.11 0.000390305613248
-1.1 0.000395904474024
-1.09 0.000401357522904
-1.08 0.000406650610259
-1.07 0.000411769365983
-1.06 0.000416699295375
-1.05 0.000421425889935
-1.04 0.000425934754577
-1.03 0.000430211752903
-1.02 0.000434243172437
-1.01 0.000438015911882
-1.0 0.000441517692783
-0.99 0.000444737298174
-0.98 0.000447664841147
-0.97 0.000450292066492
-0.96 0.000452612688911
-0.95 0.000454622771478
-0.94 0.00045632114822
-0.93 0.000457709894718
-0.92 0.000458794850435
-0.91 0.000459586196002
-0.9 0.000460099087711
-0.89 0.000460354349894
-0.88 0.000460379223328
-0.87 0.000460208164138
-0.86 0.000459883682456
-0.85 0.000459457202984
-0.84 0.000458989920318
-0.83 0.000458553610182
-0.82 0.000458231343739
-0.81 0.000458118036485
-0.8 0.000458320747223
-0.79 0.000458958628775
-0.78 0.000460162423943
-0.77 0.00046207340263
-0.76 0.000464841654151
-0.75 0.000468623687214
-0.74 0.000473579350556
-0.73 0.000479868166718
-0.72 0.000487645260219
-0.71 0.000497057143279
-0.7 0.000508237677631
-0.69 0.000521304542253
-0.68 0.000536356495135
-0.67 0.000553471626703
-0.66 0.000572706681034
-0.65 0.00059409739417
-0.64 0.000617659692395
-0.63 0.000643391525114
-0.62 0.000671275082818
-0.61 0.00070127916539
-0.6 0.000733361507521
-0.59 0.000767470922033
-0.58 0.000803549176468
-0.57 0.000841532565287
-0.56 0.00088135317568
-0.55 0.000922939868802
-0.54 0.00096621901177
-0.53 0.00101111500134
-0.52 0.00105755062041
-0.51 0.00110544726522
-0.5 0.00115472507666
-0.49 0.00120530300316
-0.48 0.00125709881807
-0.47 0.00131002910903
-0.46 0.00136400925322
-0.45 0.0014189533888
-0.44 0.00147477438996
-0.43 0.00153138385116
-0.42 0.00158869208428
-0.41 0.00164660813092
-0.4 0.00170503979158
-0.39 0.00176389367227
-0.38 0.00182307524886
-0.37 0.00188248894884
-0.36 0.00194203825022
-0.35 0.00200162579664
-0.34 0.002061153528
-0.33 0.00212052282573
-0.32 0.00217963467145
-0.31 0.0022383898182
-0.3 0.00229668897303
-0.29 0.00235443298983
-0.28 0.00241152307127
-0.27 0.0024678609787
-0.26 0.00252334924894
-0.25 0.00257789141659
-0.24 0.00263139224099
-0.23 0.0026837579364
-0.22 0.0027348964045
-0.21 0.00278471746788
-0.2 0.00283313310348
-0.19 0.00288005767487
-0.18 0.00292540816223
-0.17 0.00296910438896
-0.16 0.00301106924386
-0.15 0.00305122889788
-0.14 0.00308951301433
-0.13 0.0031258549517
-0.12 0.00316019195802
-0.11 0.00319246535598
-0.1 0.00322262071784
-0.0900000000001 0.00325060802935
-0.0800000000001 0.00327638184191
-0.0700000000001 0.00329990141228
-0.0600000000001 0.00332113082912
-0.0500000000001 0.00334003912573
-0.0400000000001 0.00335660037854
-0.0300000000001 0.00337079379075
-0.0200000000001 0.00338260376073
-0.0100000000001 0.00339201993486
0.0 0.0033990372444
0.00999999999994 0.00340365592625
0.0199999999999 0.00340588152739
0.0299999999999 0.0034057248929
0.0399999999999 0.00340320213749
0.0499999999999 0.00339833460065
0.0599999999999 0.00339114878535
0.0699999999999 0.00338167628061
0.0799999999999 0.00336995366801
0.0899999999999 0.00335602241247
0.0999999999999 0.00333992873761
0.11 0.00332172348598
0.12 0.00330146196465
0.13 0.0032792037766
0.14 0.00325501263836
0.15 0.00322895618434
0.16 0.00320110575869
0.17 0.00317153619485
0.18 0.00314032558374
0.19 0.00310755503094
0.2 0.00307330840373
0.21 0.00303767206829
0.22 0.00300073461806
0.23 0.00296258659352
0.24 0.00292332019439
0.25 0.00288302898452
0.26 0.00284180759041
0.27 0.00279975139378
0.28 0.00275695621892
0.29 0.0027135180155
0.3 0.00266953253738
0.31 0.00262509501831
0.32 0.00258029984505
0.33 0.0025352402289
0.34 0.0024900078764
0.35 0.00244469266018
0.36 0.00239938229112
0.37 0.00235416199292
0.38 0.00230911418059
0.39 0.00226431814442
0.4 0.00221984974106
0.41 0.00217578109399
0.42 0.00213218030541
0.43 0.0020891111821
0.44 0.00204663297806
0.45 0.00200480015684
0.46 0.00196366217671
0.47 0.00192326330205
0.48 0.00188364244427
0.49 0.00184483303584
0.5 0.00180686294054
0.51 0.00176975440338
0.52 0.00173352404275
0.53 0.00169818288734
0.54 0.00166373645973
0.55 0.00163018490759
0.56 0.00159752318311
0.57 0.00156574126991
0.58 0.00153482445609
0.59 0.00150475365101
0.6 0.00147550574236
0.61 0.00144705398934
0.62 0.00141936844687
0.63 0.00139241641518
0.64 0.0013661629086
0.65 0.00134057113692
0.66 0.00131560299294
0.67 0.00129121953945
0.68 0.00126738148954
0.69 0.00124404967439
0.7 0.00122118549324
0.71 0.00119875134114
0.72 0.00117671101074
0.73 0.00115503006506
0.74 0.00113367617946
0.75 0.00111261945133
0.76 0.00109183267715
0.77 0.00107129159711
0.78 0.00105097510824
0.79 0.00103086544717
0.8 0.00101094834449
0.81 0.000991213152558
0.82 0.00097165294889
0.83 0.000952264617433
0.84 0.000933048909599
0.85 0.000914010486995
0.86 0.000895157947242
0.87 0.000876503833856
0.88 0.000858064630471
0.89 0.000839860738927
0.9 0.000821916439783
0.91 0.000804259832731
0.92 0.000786922753151
0.93 0.000769940659661
0.94 0.000753352486113
0.95 0.000737200449961
0.96 0.000721529807593
0.97 0.000706388546045
0.98 0.000691826999832
0.99 0.000677897381591
1.0 0.000664653216258
1.01 0.000652148670779
1.02 0.000640437775293
1.03 0.000629573537496
1.04 0.000619606959483
1.05 0.000610585975646
1.06 0.000602554340467
1.07 0.000595550505382
1.08 0.000589606533016
1.09 0.000584747103292
1.1 0.000580988667988
1.11 0.00057833880684
1.12 0.000576795829119
1.13 0.000576348650024
1.14 0.000576976952859
1.15 0.000578651627867
1.16 0.000581335459481
1.17 0.000584984017837
1.18 0.000589546699695
1.19 0.000594967859057
1.2 0.00060118796884
1.21 0.000608144760863
1.22 0.000615774300749
1.23 0.00062401196549
1.24 0.000632793302772
1.25 0.000642054761683
1.26 0.000651734293208
1.27 0.000661771825724
1.28 0.000672109625416
1.29 0.000682692554437
1.3 0.000693468240916
1.31 0.000704387175114
1.32 0.000715402745331
1.33 0.000726471225979
1.34 0.000737551728765
1.35 0.000748606126371
1.36 0.000759598956471
1.37 0.000770497312503
1.38 0.000781270726345
1.39 0.000791891046912
1.4 0.000802332317792
1.41 0.000812570656222
1.42 0.000822584135109
1.43 0.000832352669255
1.44 0.000841857906593
1.45 0.000851083124883
1.46 0.000860013134114
1.47 0.000868634184676
1.48 0.000876933881209
1.49 0.000884901101996
1.5 0.000892525923637
1.51 0.000899799550773
1.52 0.000906714250539
1.53 0.000913263291457
1.54 0.000919440886462
1.55 0.000925242139763
1.56 0.00093066299724
1.57 0.000935700200109
1.58 0.000940351241594
1.59 0.000944614326339
1.6 0.000948488332362
1.61 0.000951972775301
1.62 0.00095506777478
1.63 0.000957774022701
1.64 0.000960092753288
1.65 0.000962025714743
1.66 0.000963575142362
1.67 0.000964743732978
1.68 0.000965534620625
1.69 0.000965951353311
1.7 0.000965997870799
1.71 0.000965678483311
1.72 0.000964997851078
1.73 0.000963960964657
1.74 0.000962573125963
1.75 0.000960839929942
1.76 0.000958767246846
1.77 0.000956361205062
1.78 0.000953628174443
1.79 0.000950574750126
1.8 0.000947207736781
1.81 0.000943534133283
1.82 0.000939561117772
1.83 0.000935296033086
1.84 0.000930746372539
1.85 0.000925919766051
1.86 0.000920823966587
1.87 0.000915466836928
1.88 0.000909856336732
1.89 0.000904000509915
1.9 0.000897907472311
1.91 0.000891585399642
1.92 0.000885042515765
1.93 0.00087828708122
1.94 0.000871327382067
1.95 0.000864171719013
1.96 0.000856828396835
1.97 0.000849305714103
1.98 0.00084161195319
1.99 0.000833755370602
2.0 0.000825744187597
2.01 0.000817586581122
2.02 0.000809290675057
2.03 0.00080086453178
2.04 0.000792316144042
2.05 0.000783653427174
2.06 0.000774884211606
2.07 0.000766016235728
2.08 0.000757057139062
2.09 0.000748014455779
2.1 0.000738895608544
2.11 0.000729707902686
2.12 0.000720458520715
2.13 0.000711154517159
2.14 0.000701802813742
2.15 0.000692410194886
2.16 0.000682983303553
2.17 0.000673528637402
2.18 0.000664052545277
2.19 0.000654561224019
2.2 0.000645060715589
2.21 0.000635556904506
2.22 0.000626055515597
2.23 0.000616562112047
2.24 0.000607082093742
2.25 0.000597620695912
2.26 0.000588182988052
2.27 0.000578773873121
2.28 0.000569398087014
2.29 0.000560060198289
2.3 0.00055076460816
2.31 0.000541515550723
2.32 0.000532317093428
2.33 0.000523173137773
2.34 0.000514087420225
2.35 0.000505063513343
2.36 0.000496104827106
2.37 0.000487214610432
2.38 0.000478395952876
2.39 0.000469651786506
2.4 0.000460984887931
2.41 0.000452397880497
2.42 0.000443893236609
2.43 0.0004354732802
2.44 0.000427140189315
2.45 0.000418895998819
2.46 0.000410742603199
2.47 0.000402681759473
2.48 0.000394715090176
2.49 0.000386844086437
2.5 0.00037907011111
2.51 0.000371394401981
2.52 0.00036381807502
2.53 0.000356342127675
2.54 0.000348967442218
2.55 0.000341694789102
2.56 0.000334524830351
2.57 0.00032745812297
2.58 0.000320495122351
2.59 0.000313636185692
2.6 0.000306881575411
2.61 0.000300231462544
2.62 0.000293685930136
2.63 0.000287244976609
2.64 0.000280908519101
2.65 0.000274676396783
2.66 0.000268548374135
2.67 0.000262524144184
2.68 0.000256603331704
2.69 0.000250785496369
2.7 0.000245070135853
2.71 0.000239456688882
2.72 0.000233944538232
2.73 0.000228533013664
2.74 0.000223221394804
2.75 0.000218008913964
2.76 0.000212894758891
2.77 0.000207878075459
2.78 0.00020295797029
2.79 0.000198133513311
2.8 0.000193403740239
2.81 0.000188767655001
2.82 0.000184224232076
2.83 0.00017977241878
2.84 0.000175411137469
2.85 0.000171139287673
2.86 0.000166955748169
2.87 0.00016285937897
2.88 0.000158849023256
2.89 0.000154923509227
2.9 0.000151081651891
2.91 0.000147322254786
2.92 0.000143644111628
2.93 0.000140046007897
2.94 0.000136526722359
2.95 0.000133085028518
2.96 0.000129719696007
2.97 0.000126429491918
2.98 0.000123213182069
2.99 0.000120069532211
3.0 0.000116997309177
3.01 0.000113995281975
3.02 0.000111062222817
3.03 0.000108196908109
3.04 0.000105398119372
3.05 0.000102664644118
3.06 9.99952766801e-05
3.07 9.73888189835e-05
3.08 9.48440812781e-05
3.09 9.23598828208e-05
3.1 8.99350525146e-05
3.11 8.75684295042e-05
3.12 8.52588637303e-05
3.13 8.30052164442e-05
3.14 8.0806360683e-05
3.15 7.86611817082e-05
3.16 7.65685774079e-05
3.17 7.45274586653e-05
3.18 7.25367496931e-05
3.19 7.05953883369e-05
3.2 6.87023263481e-05
3.21 6.6856529627e-05
3.22 6.50569784391e-05
3.23 6.33026676035e-05
3.24 6.15926066566e-05
3.25 5.99258199917e-05
3.26 5.83013469747e-05
3.27 5.67182420387e-05
3.28 5.51755747567e-05
3.29 5.36724298954e-05
3.3 5.22079074497e-05
3.31 5.07811226593e-05
3.32 4.93912060088e-05
3.33 4.80373032113e-05
3.34 4.67185751778e-05
3.35 4.54341979718e-05
3.36 4.41833627506e-05
3.37 4.29652756949e-05
3.38 4.17791579259e-05
3.39 4.06242454115e-05
3.4 3.94997888631e-05
3.41 3.8405053622e-05
3.42 3.73393195375e-05
3.43 3.63018808365e-05
3.44 3.52920459862e-05
3.45 3.43091375487e-05
3.46 3.33524920306e-05
3.47 3.24214597256e-05
3.48 3.15154045522e-05
3.49 3.0633703887e-05
3.5 2.97757483928e-05
3.51 2.89409418436e-05
3.52 2.81287009456e-05
3.53 2.73384551554e-05
3.54 2.65696464955e-05
3.55 2.58217293671e-05
3.56 2.50941703618e-05
3.57 2.43864480707e-05
3.58 2.36980528933e-05
3.59 2.30284868437e-05
3.6 2.23772633583e-05
3.61 2.17439071008e-05
3.62 2.11279537689e-05
3.63 2.05289498993e-05
3.64 1.99464526746e-05
3.65 1.93800297289e-05
3.66 1.88292589557e-05
3.67 1.82937283155e-05
3.68 1.77730356447e-05
3.69 1.72667884655e-05
3.7 1.67746037977e-05
3.71 1.62961079709e-05
3.72 1.58309364392e-05
3.73 1.53787335969e-05
3.74 1.49391525962e-05
3.75 1.45118551669e-05
3.76 1.40965114377e-05
3.77 1.36927997599e-05
3.78 1.33004065329e-05
3.79 1.29190260321e-05
3.8 1.25483602389e-05
3.81 1.21881186728e-05
3.82 1.18380182264e-05
3.83 1.14977830021e-05
3.84 1.11671441515e-05
3.85 1.08458397174e-05
3.86 1.05336144782e-05
3.87 1.02302197942e-05
3.88 9.93541345729e-06
3.89 9.64895954264e-06
3.9 9.37062826293e-06
3.91 9.10019582523e-06
3.92 8.83744429034e-06
3.93 8.58216143467e-06
3.94 8.33414061464e-06
3.95 8.09318063361e-06
3.96 7.85908561127e-06
3.97 7.63166485555e-06
3.98 7.41073273705e-06
3.99 7.19610856586e-06
4.0 6.98761647083e-06
4.01 6.78508528135e-06
4.02 6.58834841143e-06
4.03 6.39724374622e-06
4.04 6.21161353085e-06
4.05 6.03130426163e-06
4.06 5.85616657954e-06
4.07 5.68605516601e-06
4.08 5.52082864091e-06
4.09 5.36034946277e-06
4.1 5.20448383127e-06
4.11 5.05310159173e-06
4.12 4.90607614186e-06
4.13 4.76328434056e-06
4.14 4.62460641874e-06
4.15 4.48992589226e-06
4.16 4.35912947678e-06
4.17 4.23210700459e-06
4.18 4.10875134346e-06
4.19 3.98895831721e-06
4.2 3.87262662836e-06
4.21 3.75965778242e-06
4.22 3.64995601408e-06
4.23 3.54342821515e-06
4.24 3.43998386421e-06
4.25 3.33953495798e-06
4.26 3.24199594433e-06
4.27 3.14728365695e-06
4.28 3.05531725159e-06
4.29 2.96601814391e-06
4.3 2.87930994881e-06
4.31 2.79511842131e-06
4.32 2.71337139887e-06
4.33 2.63399874523e-06
4.34 2.55693229549e-06
4.35 2.48210580281e-06
4.36 2.40945488623e-06
4.37 2.33891697996e-06
4.38 2.27043128395e-06
4.39 2.20393871561e-06
4.4 2.13938186294e-06
4.41 2.07670493871e-06
4.42 2.01585373593e-06
4.43 1.95677558441e-06
4.44 1.89941930848e-06
4.45 1.8437351858e-06
4.46 1.78967490725e-06
4.47 1.73719153785e-06
4.48 1.68623947876e-06
4.49 1.63677443022e-06
4.5 1.58875335547e-06
4.51 1.5421344457e-06
4.52 1.49687708585e-06
4.53 1.45294182135e-06
4.54 1.41029032573e-06
4.55 1.36888536913e-06
4.56 1.32869078763e-06
4.57 1.28967145339e-06
4.58 1.25179324563e-06
4.59 1.21502302234e-06
4.6 1.17932859283e-06
4.61 1.14467869091e-06
4.62 1.11104294895e-06
4.63 1.07839187248e-06
4.64 1.04669681558e-06
4.65 1.01592995697e-06
4.66 9.8606427663e-07
4.67 9.57073533175e-07
4.68 9.28932241803e-07
4.69 9.01615652842e-07
4.7 8.75099730907e-07
4.71 8.49361134614e-07
4.72 8.24377196864e-07
4.73 8.00125905667e-07
4.74 7.76585885498e-07
4.75 7.53736379167e-07
4.76 7.31557230194e-07
4.77 7.10028865671e-07
4.78 6.89132279609e-07
4.79 6.68849016731e-07
4.8 6.4916115674e-07
4.81 6.30051299004e-07
4.82 6.11502547686e-07
4.83 5.9349849728e-07
4.84 5.76023218557e-07
4.85 5.59061244903e-07
4.86 5.42597559043e-07
4.87 5.26617580135e-07
4.88 5.11107151227e-07
4.89 4.96052527077e-07
4.9 4.81440362297e-07
4.91 4.67257699856e-07
4.92 4.53491959885e-07
4.93 4.40130928814e-07
4.94 4.27162748812e-07
4.95 4.14575907523e-07
4.96 4.02359228096e-07
4.97 3.90501859502e-07
4.98 3.78993267116e-07
4.99 3.67823223578e-07
5.0 3.56981799903e-07
