-5.0 7.81578749753e-08
-4.99 8.08413471708e-08
-4.98 8.37876633163e-08
-4.97 8.70028490511e-08
-4.96 9.04916962402e-08
-4.95 9.42578920729e-08
-4.94 9.83041628735e-08
-4.93 1.02632421841e-07
-4.92 1.07243911991e-07
-4.91 1.1213933794e-07
-4.9 1.17318982449e-07
-4.89 1.22782805669e-07
-4.88 1.28530526579e-07
-4.87 1.3456168727e-07
-4.86 1.40875701457e-07
-4.85 1.47471889002e-07
-4.84 1.54349498394e-07
-4.83 1.61507719115e-07
-4.82 1.68945685671e-07
-4.81 1.76662474911e-07
-4.8 1.84657098005e-07
-4.79 1.92928488253e-07
-4.78 2.01475485692e-07
-4.77 2.10296819292e-07
-4.76 2.19391087335e-07
-4.75 2.28756736501e-07
-4.74 2.38392040005e-07
-4.73 2.48295075095e-07
-4.72 2.58463700111e-07
-4.71 2.68895531264e-07
-4.7 2.79587919249e-07
-4.69 2.9053792576e-07
-4.68 3.01742299973e-07
-4.67 3.13197455012e-07
-4.66 3.24899444414e-07
-4.65 3.3684393862e-07
-4.64 3.4902620146e-07
-4.63 3.61441066652e-07
-4.62 3.7408291429e-07
-4.61 3.86945647322e-07
-4.6 4.00022667996e-07
-4.59 4.13306854281e-07
-4.58 4.26790536235e-07
-4.57 4.40465472329e-07
-4.56 4.54322825713e-07
-4.55 4.68353140428e-07
-4.54 4.82546317561e-07
-4.53 4.96891591337e-07
-4.52 5.1137750517e-07
-4.51 5.2599188767e-07
-4.5 5.40721828613e-07
-4.49 5.55553654899e-07
-4.48 5.70472906505e-07
-4.47 5.85464312459e-07
-4.46 6.00511766848e-07
-4.45 6.15598304907e-07
-4.44 6.30706079192e-07
-4.43 6.45816335893e-07
-4.42 6.60909391314e-07
-4.41 6.75964608564e-07
-4.4 6.90960374514e-07
-4.39 7.05874077058e-07
-4.38 7.20682082748e-07
-4.37 7.35359714871e-07
-4.36 7.4988123202e-07
-4.35 7.6421980727e-07
-4.34 7.78347508014e-07
-4.33 7.92235276589e-07
-4.32 8.05852911785e-07
-4.31 8.19169051369e-07
-4.3 8.32151155761e-07
-4.29 8.4476549303e-07
-4.28 8.56977125382e-07
-4.27 8.6874989735e-07
-4.26 8.80046425929e-07
-4.25 8.90828092918e-07
-4.24 9.01055039791e-07
-4.23 9.1068616547e-07
-4.22 9.1967912741e-07
-4.21 9.2799034653e-07
-4.2 9.35575016564e-07
-4.19 9.42387118548e-07
-4.18 9.48379441311e-07
-4.17 9.53503608972e-07
-4.16 9.57710116693e-07
-4.15 9.60948376216e-07
-4.14 9.63166773023e-07
-4.13 9.64312737418e-07
-4.12 9.64332832392e-07
-4.11 9.63172861842e-07
-4.1 9.60778003638e-07
-4.09 9.57092973269e-07
-4.08 9.52062225394e-07
-4.07 9.45630202732e-07
-4.06 9.37741644595e-07
-4.05 9.28341971161e-07
-4.04 9.17377764832e-07
-4.03 9.04797377149e-07
-4.02 8.90551699684e-07
-4.01 8.74595151226e-07
-4.0 8.56886953279e-07
-3.99 8.37392794047e-07
-3.98 8.16087021791e-07
-3.97 7.92955567929e-07
-3.96 7.67999887907e-07
-3.95 7.41242338233e-07
-3.94 7.12733602869e-07
-3.93 6.82563073706e-07
-3.92 6.50873522688e-07
-3.91 6.1788203137e-07
-3.9 5.83910006073e-07
-3.89 5.49426140011e-07
-3.88 5.15106963456e-07
-3.87 4.81918704205e-07
-3.86 4.51217724152e-07
-3.85 4.24846885937e-07
-3.84 4.05162399322e-07
-3.83 3.9487041725e-07
-3.82 3.96562983374e-07
-3.81 4.12044812782e-07
-3.8 4.41847223313e-07
-3.79 4.85292610165e-07
-3.78 5.41002775576e-07
-3.77 6.07442517535e-07
-3.76 6.8324646582e-07
-3.75 7.67331416351e-07
-3.74 8.58889878624e-07
-3.73 9.57341125237e-07
-3.72 1.06227744223e-06
-3.71 1.17341878067e-06
-3.7 1.29057809416e-06
-3.69 1.41363593496e-06
-3.68 1.54252213331e-06
-3.67 1.67720262071e-06
-3.66 1.81766990773e-06
-3.65 1.96393614023e-06
-3.64 2.11602797632e-06
-3.63 2.27398275555e-06
-3.62 2.43784559249e-06
-3.61 2.60766713682e-06
-3.6 2.78350181892e-06
-3.59 2.9654064518e-06
-3.58 3.15343909743e-06
-3.57 3.34765813049e-06
-3.56 3.54812145096e-06
-3.55 3.75488580967e-06
-3.54 3.96800622029e-06
-3.53 4.18753543777e-06
-3.52 4.41352348825e-06
-3.51 4.6460172392e-06
-3.5 4.8850600011e-06
-3.49 5.13069115411e-06
-3.48 5.38294579469e-06
-3.47 5.64185439843e-06
-3.46 5.90744249617e-06
-3.45 6.1797303614e-06
-3.44 6.45873270717e-06
-3.43 6.74445839177e-06
-3.42 7.03691013226e-06
-3.41 7.33608422565e-06
-3.4 7.64197027772e-06
-3.39 7.95455093953e-06
-3.38 8.27380165223e-06
-3.37 8.59969040076e-06
-3.36 8.93217747712e-06
-3.35 9.27121525453e-06
-3.34 9.61674797328e-06
-3.33 9.96871154008e-06
-3.32 1.03270333421e-05
-3.31 1.06916320777e-05
-3.3 1.10624176055e-05
-3.29 1.14392908149e-05
-3.28 1.18221435182e-05
-3.27 1.22108583703e-05
-3.26 1.26053088151e-05
-3.25 1.3005359065e-05
-3.24 1.34108641148e-05
-3.23 1.38216697941e-05
-3.22 1.4237612863e-05
-3.21 1.46585211551e-05
-3.2 1.50842137717e-05
-3.19 1.55145013341e-05
-3.18 1.59491862979e-05
-3.17 1.63880633363e-05
-3.16 1.68309197998e-05
-3.15 1.72775362571e-05
-3.14 1.77276871276e-05
-3.13 1.81811414124e-05
-3.12 1.86376635332e-05
-3.11 1.90970142891e-05
-3.1 1.95589519416e-05
-3.09 2.00232334397e-05
-3.08 2.04896157969e-05
-3.07 2.09578576332e-05
-3.06 2.14277208971e-05
-3.05 2.18989727812e-05
-3.04 2.2371387849e-05
-3.03 2.28447503884e-05
-3.02 2.3318857012e-05
-3.01 2.37935195199e-05
-3.0 2.42685680486e-05
-2.99 2.4743854523e-05
-2.98 2.52192564353e-05
-2.97 2.569468097e-05
-2.96 2.61700694982e-05
-2.95 2.66454024617e-05
-2.94 2.71207046664e-05
-2.93 2.75960510063e-05
-2.92 2.80715726313e-05
-2.91 2.85474635767e-05
-2.9 2.90239878603e-05
-2.89 2.95014870533e-05
-2.88 2.99803883217e-05
-2.87 3.04612129264e-05
-2.86 3.094458516e-05
-2.85 3.14312416851e-05
-2.84 3.19220412249e-05
-2.83 3.24179745367e-05
-2.82 3.29201745825e-05
-2.81 3.34299267849e-05
-2.8 3.39486792334e-05
-2.79 3.44780526814e-05
-2.78 3.50198501432e-05
-2.77 3.55760658769e-05
-2.76 3.61488935119e-05
-2.75 3.67407330567e-05
-2.74 3.73541965072e-05
-2.73 3.79921117657e-05
-2.72 3.86575245809e-05
-2.71 3.9353698235e-05
-2.7 4.00841107292e-05
-2.69 4.08524492668e-05
-2.68 4.16626018941e-05
-2.67 4.25186462366e-05
-2.66 4.34248353648e-05
-2.65 4.43855809259e-05
-2.64 4.54054337896e-05
-2.63 4.64890625656e-05
-2.62 4.76412304533e-05
-2.61 4.88667709668e-05
-2.6 5.01705631439e-05
-2.59 5.15575068787e-05
-2.58 5.30324990165e-05
-2.57 5.46004108184e-05
-2.56 5.6266067336e-05
-2.55 5.80342291433e-05
-2.54 5.99095767618e-05
-2.53 6.18966979896e-05
-2.52 6.40000782205e-05
-2.51 6.62240937157e-05
-2.5 6.85730076868e-05
-2.49 7.10509689581e-05
-2.48 7.36620129108e-05
-2.47 7.64100643667e-05
-2.46 7.92989420496e-05
-2.45 8.23323642583e-05
-2.44 8.55139554016e-05
-2.43 8.88472530721e-05
-2.42 9.23357153716e-05
-2.41 9.59827282433e-05
-2.4 9.97916126066e-05
-2.39 0.000103765631134
-2.38 0.000107907994552
-2.37 0.000112221867378
-2.36 0.000116710373039
-2.35 0.000121376598356
-2.34 0.00012622359738
-2.33 0.000131254394588
-2.32 0.000136471987487
-2.31 0.000141879348646
-2.3 0.000147479427194
-2.29 0.000153275149863
-2.28 0.000159269421586
-2.27 0.000165465125744
-2.26 0.000171865124079
-2.25 0.00017847225635
-2.24 0.00018528933977
-2.23 0.000192319168279
-2.22 0.00019956451169
-2.21 0.000207028114773
-2.2 0.000214712696301
-2.19 0.000222620948107
-2.18 0.000230755534202
-2.17 0.000239119089981
-2.16 0.000247714221558
-2.15 0.000256543505282
-2.14 0.000265609487451
-2.13 0.000274914684279
-2.12 0.000284461582145
-2.11 0.00029425263816
-2.1 0.000304290281108
-2.09 0.000314576912766
-2.08 0.000325114909685
-2.07 0.000335906625437
-2.06 0.00034695439339
-2.05 0.000358260530047
-2.04 0.000369827338992
-2.03 0.000381657115495
-2.02 0.000393752151813
-2.01 0.000406114743244
-2.0 0.000418747194971
-1.99 0.000431651829766
-1.98 0.000444830996584
-1.97 0.000458287080112
-1.96 0.000472022511326
-1.95 0.000486039779107
-1.94 0.000500341442972
-1.93 0.000514930146979
-1.92 0.000529808634852
-1.91 0.000544979766398
-1.9 0.000560446535253
-1.89 0.000576212088023
-1.88 0.00059227974487
-1.87 0.00060865302159
-1.86 0.000625335653234
-1.85 0.000642331619319
-1.84 0.000659645170668
-1.83 0.000677280857909
-1.82 0.000695243561677
-1.81 0.000713538524531
-1.8 0.000732171384606
-1.79 0.000751148211017
-1.78 0.000770475540989
-1.77 0.000790160418728
-1.76 0.00081021043599
-1.75 0.000830633774305
-1.74 0.000851439248819
-1.73 0.000872636353663
-1.72 0.000894235308772
-1.71 0.000916247108031
-1.7 0.000938683568643
-1.69 0.000961557381535
-1.68 0.000984882162649
-1.67 0.00100867250491
-1.66 0.00103294403066
-1.65 0.00105771344426
-1.64 0.00108299858465
-1.63 0.00110881847755
-1.62 0.00113519338689
-1.61 0.00116214486523
-1.6 0.00118969580277
-1.59 0.00121787047446
-1.58 0.00124669458493
-1.57 0.00127619531067
-1.56 0.00130640133916
-1.55 0.00133734290438
-1.54 0.00136905181826
-1.53 0.00140156149769
-1.52 0.00143490698655
-1.51 0.00146912497238
-1.5 0.00150425379728
-1.49 0.00154033346258
-1.48 0.00157740562705
-1.47 0.00161551359819
-1.46 0.0016547023165
-1.45 0.00169501833228
-1.44 0.0017365097751
-1.43 0.00177922631556
-1.42 0.00182321911946
-1.41 0.00186854079439
-1.4 0.00191524532883
-1.39 0.00196338802386
-1.38 0.00201302541786
-1.37 0.00206421520429
-1.36 0.00211701614314
-1.35 0.00217148796617
-1.34 0.0022276912767
-1.33 0.00228568744407
-1.32 0.00234553849369
-1.31 0.00240730699277
-1.3 0.00247105593269
-1.29 0.00253684860823
-1.28 0.00260474849434
-1.27 0.00267481912098
-1.26 0.00274712394644
-1.25 0.00282172622967
-1.24 0.00289868890203
-1.23 0.00297807443888
-1.22 0.00305994473122
-1.21 0.00314436095791
-1.2 0.0032313834585
-1.19 0.00332107160704
-1.18 0.00341348368691
-1.17 0.00350867676691
-1.16 0.00360670657858
-1.15 0.00370762739491
-1.14 0.00381149191033
-1.13 0.00391835112215
-1.12 0.00402825421318
-1.11 0.00414124843574
-1.1 0.00425737899678
-1.09 0.00437668894427
-1.08 0.00449921905449
-1.07 0.00462500772053
-1.06 0.00475409084159
-1.05 0.0048865017133
-1.04 0.00502227091878
-1.03 0.00516142622067
-1.02 0.0053039924539
-1.01 0.00544999141937
-1.0 0.00559944177841
-0.99 0.00575235894827
-0.98 0.00590875499854
-0.97 0.00606863854867
-0.96 0.00623201466668
-0.95 0.00639888476925
-0.94 0.00656924652327
-0.93 0.00674309374904
-0.92 0.00692041632541
-0.91 0.00710120009695
-0.9 0.00728542678343
-0.89 0.00747307389192
-0.88 0.00766411463166
-0.87 0.00785851783209
-0.86 0.00805624786426
-0.85 0.00825726456597
-0.84 0.00846152317089
-0.83 0.00866897424206
-0.82 0.00887956361006
-0.81 0.00909323231619
-0.8 0.00930991656097
-0.79 0.0095295476584
-0.78 0.00975205199618
-0.77 0.00997735100239
-0.76 0.0102053611188
-0.75 0.0104359937814
-0.74 0.0106691554082
-0.73 0.0109047473947
-0.72 0.0111426661175
-0.71 0.0113828029467
-0.7 0.0116250442658
-0.69 0.011869271502
-0.68 0.0121153611645
-0.67 0.0123631848931
-0.66 0.0126126095161
-0.65 0.0128634971181
-0.64 0.0131157051183
-0.63 0.0133690863589
-0.62 0.0136234892036
-0.61 0.0138787576475
-0.6 0.014134731437
-0.59 0.0143912462007
-0.58 0.0146481335912
-0.57 0.0149052214375
-0.56 0.0151623339085
-0.55 0.0154192916871
-0.54 0.0156759121548
-0.53 0.0159320095871
-0.52 0.0161873953591
-0.51 0.0164418781614
-0.5 0.016695264226
-0.49 0.0169473575617
-0.48 0.0171979601991
-0.47 0.0174468724446
-0.46 0.0176938931426
-0.45 0.0179388199469
-0.44 0.0181814495991
-0.43 0.0184215782144
-0.42 0.0186590015746
-0.41 0.0188935154266
-0.4 0.0191249157873
-0.39 0.0193529992528
-0.38 0.0195775633125
-0.37 0.0197984066663
-0.36 0.020015329545
-0.35 0.0202281340328
-0.34 0.0204366243915
-0.33 0.0206406073845
-0.32 0.0208398926017
-0.31 0.0210342927825
-0.3 0.0212236241375
-0.29 0.021407706667
-0.28 0.0215863644768
-0.27 0.0217594260886
-0.26 0.0219267247457
-0.25 0.0220880987127
-0.24 0.0222433915681
-0.23 0.0223924524885
-0.22 0.0225351365257
-0.21 0.0226713048725
-0.2 0.0228008251197
-0.19 0.0229235715017
-0.18 0.0230394251298
-0.17 0.0231482742141
-0.16 0.0232500142715
-0.15 0.0233445483201
-0.14 0.0234317870595
-0.13 0.023511649036
-0.12 0.0235840607921
-0.11 0.0236489570009
-0.1 0.023706280583
-0.0900000000001 0.0237559828078
-0.0800000000001 0.0237980233771
-0.0700000000001 0.0238323704916
-0.0600000000001 0.0238590009001
-0.0500000000001 0.0238778999305
-0.0400000000001 0.023889061504
-0.0300000000001 0.0238924881304
-0.0200000000001 0.0238881908865
-0.0100000000001 0.0238761893767
0.0 0.0238565116752
0.00999999999994 0.0238291942524
0.0199999999999 0.0237942818829
0.0299999999999 0.0237518275369
0.0399999999999 0.0237018922562
0.0499999999999 0.0236445450125
0.0599999999999 0.0235798625518
0.0699999999999 0.0235079292228
0.0799999999999 0.0234288367908
0.0899999999999 0.0233426842384
0.0999999999999 0.023249577552
0.11 0.0231496294968
0.12 0.0230429593791
0.13 0.0229296927976
0.14 0.0228099613853
0.15 0.0226839025402
0.16 0.0225516591489
0.17 0.0224133793013
0.18 0.022269215999
0.19 0.0221193268566
0.2 0.0219638737986
0.21 0.0218030227515
0.22 0.0216369433323
0.23 0.0214658085344
0.24 0.0212897944118
0.25 0.021109079762
0.26 0.0209238458091
0.27 0.0207342758874
0.28 0.0205405551266
0.29 0.0203428701393
0.3 0.0201414087114
0.31 0.0199363594964
0.32 0.0197279117138
0.33 0.0195162548538
0.34 0.0193015783859
0.35 0.0190840714758
0.36 0.0188639227078
0.37 0.0186413198156
0.38 0.0184164494208
0.39 0.0181894967796
0.4 0.0179606455387
0.41 0.0177300775003
0.42 0.0174979723967
0.43 0.0172645076748
0.44 0.0170298582906
0.45 0.0167941965141
0.46 0.0165576917449
0.47 0.0163205103384
0.48 0.0160828154426
0.49 0.015844766846
0.5 0.0156065208362
0.51 0.0153682300693
0.52 0.0151300434508
0.53 0.0148921060262
0.54 0.0146545588834
0.55 0.0144175390649
0.56 0.0141811794907
0.57 0.0139456088913
0.58 0.0137109517513
0.59 0.0134773282619
0.6 0.0132448542837
0.61 0.0130136413189
0.62 0.0127837964915
0.63 0.0125554225378
0.64 0.0123286178039
0.65 0.0121034762527
0.66 0.0118800874771
0.67 0.0116585367224
0.68 0.0114389049143
0.69 0.0112212686948
0.7 0.011005700464
0.71 0.0107922684278
0.72 0.0105810366519
0.73 0.0103720651205
0.74 0.0101654098004
0.75 0.00996112270979
0.76 0.00975925199104
0.77 0.00955984198758
0.78 0.00936293332444
0.79 0.00916856299199
0.8 0.00897676443263
0.81 0.00878756763011
0.82 0.0086009992012
0.83 0.00841708248926
0.84 0.00823583765964
0.85 0.0080572817964
0.86 0.0078814290003
0.87 0.00770829048755
0.88 0.00753787468928
0.89 0.00737018735141
0.9 0.00720523163461
0.91 0.00704300821427
0.92 0.00688351538019
0.93 0.00672674913577
0.94 0.00657270329661
0.95 0.00642136958822
0.96 0.00627273774284
0.97 0.006126795595
0.98 0.00598352917589
0.99 0.00584292280631
1.0 0.00570495918805
1.01 0.00556961949363
1.02 0.00543688345436
1.03 0.00530672944651
1.04 0.00517913457559
1.05 0.00505407475859
1.06 0.00493152480432
1.07 0.00481145849144
1.08 0.00469384864453
1.09 0.00457866720785
1.1 0.00446588531692
1.11 0.00435547336789
1.12 0.00424740108455
1.13 0.0041416375832
1.14 0.00403815143513
1.15 0.00393691072684
1.16 0.00383788311807
1.17 0.00374103589747
1.18 0.00364633603603
1.19 0.00355375023838
1.2 0.00346324499174
1.21 0.00337478661284
1.22 0.00328834129257
1.23 0.00320387513861
1.24 0.00312135421591
1.25 0.00304074458524
1.26 0.00296201233957
1.27 0.00288512363873
1.28 0.00281004474194
1.29 0.00273674203866
1.3 0.00266518207752
1.31 0.00259533159351
1.32 0.00252715753353
1.33 0.0024606270802
1.34 0.00239570767408
1.35 0.0023323670344
1.36 0.00227057317818
1.37 0.00221029443803
1.38 0.00215149947843
1.39 0.00209415731075
1.4 0.00203823730698
1.41 0.00198370921215
1.42 0.00193054315562
1.43 0.00187870966125
1.44 0.00182817965642
1.45 0.00177892448005
1.46 0.00173091588963
1.47 0.00168412606732
1.48 0.0016385276251
1.49 0.00159409360911
1.5 0.00155079750321
1.51 0.00150861323171
1.52 0.00146751516142
1.53 0.001427478103
1.54 0.0013884773117
1.55 0.00135048848745
1.56 0.00131348777445
1.57 0.0012774517601
1.58 0.00124235747364
1.59 0.00120818238411
1.6 0.00117490439801
1.61 0.00114250185657
1.62 0.00111095353253
1.63 0.00108023862672
1.64 0.00105033676424
1.65 0.00102122799039
1.66 0.000992892766266
1.67 0.000965311964253
1.68 0.00093846686315
1.69 0.000912339143199
1.7 0.000886910880899
1.71 0.000862164543674
1.72 0.000838082984396
1.73 0.000814649435794
1.74 0.000791847504759
1.75 0.000769661166554
1.76 0.000748074758956
1.77 0.000727072976334
1.78 0.00070664086368
1.79 0.000686763810606
1.8 0.000667427545312
1.81 0.000648618128546
1.82 0.000630321947551
1.83 0.00061252571003
1.84 0.000595216438109
1.85 0.000578381462329
1.86 0.000562008415669
1.87 0.000546085227596
1.88 0.000530600118163
1.89 0.000515541592143
1.9 0.000500898433229
1.91 0.000486659698279
1.92 0.000472814711621
1.93 0.000459353059429
1.94 0.000446264584161
1.95 0.000433539379069
1.96 0.000421167782778
1.97 0.000409140373946
1.98 0.000397447966
1.99 0.000386081601944
2.0 0.000375032549257
2.01 0.000364292294865
2.02 0.000353852540201
2.03 0.000343705196343
2.04 0.000333842379239
2.05 0.000324256405018
2.06 0.000314939785379
2.07 0.00030588522307
2.08 0.000297085607451
2.09 0.000288534010136
2.1 0.000280223680725
2.11 0.000272148042617
2.12 0.000264300688901
2.13 0.000256675378339
2.14 0.000249266031419
2.15 0.000242066726499
2.16 0.000235071696021
2.17 0.000228275322812
2.18 0.000221672136455
2.19 0.000215256809744
2.2 0.000209024155212
2.21 0.000202969121729
2.22 0.000197086791178
2.23 0.000191372375206
2.24 0.000185821212039
2.25 0.000180428763371
2.26 0.000175190611323
2.27 0.000170102455464
2.28 0.000165160109907
2.29 0.000160359500459
2.3 0.000155696661848
2.31 0.000151167734999
2.32 0.000146768964382
2.33 0.000142496695418
2.34 0.000138347371936
2.35 0.000134317533704
2.36 0.000130403814
2.37 0.000126602937249
2.38 0.000122911716713
2.39 0.000119327052229
2.4 0.00011584592801
2.41 0.000112465410486
2.42 0.0001091826462
2.43 0.000105994859756
2.44 0.000102899351809
2.45 9.98934971102e-05
2.46 9.69747425875e-05
2.47 9.41406054814e-05
2.48 9.13886715195e-05
2.49 8.87165931355e-05
2.5 8.61220877305e-05
2.51 8.36029359764e-05
2.52 8.11569801583e-05
2.53 7.87821225582e-05
2.54 7.64763238764e-05
2.55 7.42376016912e-05
2.56 7.2064028956e-05
2.57 6.9953732532e-05
2.58 6.79048917575e-05
2.59 6.59157370513e-05
2.6 6.398454855e-05
2.61 6.2109654779e-05
2.62 6.0289431356e-05
2.63 5.85222997265e-05
2.64 5.68067259296e-05
2.65 5.51412193958e-05
2.66 5.3524331773e-05
2.67 5.1954655783e-05
2.68 5.04308241058e-05
2.69 4.89515082916e-05
2.7 4.75154177012e-05
2.71 4.61212984715e-05
2.72 4.47679325088e-05
2.73 4.34541365058e-05
2.74 4.21787609854e-05
2.75 4.09406893675e-05
2.76 3.97388370601e-05
2.77 3.85721505739e-05
2.78 3.74396066598e-05
2.79 3.63402114678e-05
2.8 3.52729997287e-05
2.81 3.42370339567e-05
2.82 3.32314036726e-05
2.83 3.22552246473e-05
2.84 3.13076381656e-05
2.85 3.03878103091e-05
2.86 2.94949312576e-05
2.87 2.86282146102e-05
2.88 2.77868967227e-05
2.89 2.69702360646e-05
2.9 2.61775125918e-05
2.91 2.54080271366e-05
2.92 2.46611008148e-05
2.93 2.39360744475e-05
2.94 2.32323079998e-05
2.95 2.25491800338e-05
2.96 2.18860871772e-05
2.97 2.12424436062e-05
2.98 2.06176805421e-05
2.99 2.00112457625e-05
3.0 1.94226031254e-05
3.01 1.8851232107e-05
3.02 1.82966273513e-05
3.03 1.77582982336e-05
3.04 1.72357684348e-05
3.05 1.67285755287e-05
3.06 1.62362705802e-05
3.07 1.57584177546e-05
3.08 1.52945939388e-05
3.09 1.48443883723e-05
3.1 1.44074022886e-05
3.11 1.39832485679e-05
3.12 1.35715513979e-05
3.13 1.3171945946e-05
3.14 1.27840780391e-05
3.15 1.24076038545e-05
3.16 1.20421896176e-05
3.17 1.168751131e-05
3.18 1.13432543846e-05
3.19 1.10091134898e-05
3.2 1.06847922016e-05
3.21 1.03700027624e-05
3.22 1.0064465829e-05
3.23 9.76791022623e-06
3.24 9.48007270882e-06
3.25 9.20069772979e-06
3.26 8.92953721546e-06
3.27 8.6663503472e-06
3.28 8.41090334937e-06
3.29 8.16296928353e-06
3.3 7.92232784858e-06
3.31 7.68876518674e-06
3.32 7.46207369522e-06
3.33 7.24205184335e-06
3.34 7.02850399506e-06
3.35 6.82124023656e-06
3.36 6.62007620904e-06
3.37 6.4248329463e-06
3.38 6.23533671707e-06
3.39 6.05141887199e-06
3.4 5.87291569511e-06
3.41 5.69966825962e-06
3.42 5.53152228794e-06
3.43 5.36832801582e-06
3.44 5.20994006047e-06
3.45 5.05621729252e-06
3.46 4.90702271178e-06
3.47 4.76222332659e-06
3.48 4.62169003674e-06
3.49 4.48529751984e-06
3.5 4.35292412093e-06
3.51 4.22445174545e-06
3.52 4.09976575525e-06
3.53 3.97875486769e-06
3.54 3.8613110577e-06
3.55 3.74732946266e-06
3.56 3.63670829013e-06
3.57 3.52934872824e-06
3.58 3.4251548587e-06
3.59 3.32403357238e-06
3.6 3.22589448733e-06
3.61 3.13064986923e-06
3.62 3.03821455413e-06
3.63 2.94850587344e-06
3.64 2.8614435812e-06
3.65 2.77694978333e-06
3.66 2.69494886906e-06
3.67 2.61536744434e-06
3.68 2.5381342671e-06
3.69 2.46318018456e-06
3.7 2.39043807222e-06
3.71 2.31984277467e-06
3.72 2.25133104821e-06
3.73 2.184841505e-06
3.74 2.12031455893e-06
3.75 2.05769237304e-06
3.76 1.99691880847e-06
3.77 1.93793937489e-06
3.78 1.88070118237e-06
3.79 1.82515289466e-06
3.8 1.77124468381e-06
3.81 1.71892818616e-06
3.82 1.66815645949e-06
3.83 1.61888394159e-06
3.84 1.57106640985e-06
3.85 1.52466094217e-06
3.86 1.47962587889e-06
3.87 1.43592078593e-06
3.88 1.39350641894e-06
3.89 1.35234468846e-06
3.9 1.31239862619e-06
3.91 1.27363235214e-06
3.92 1.23601104277e-06
3.93 1.1995009001e-06
3.94 1.16406912164e-06
3.95 1.12968387125e-06
3.96 1.09631425081e-06
3.97 1.06393027273e-06
3.98 1.03250283328e-06
3.99 1.00200368664e-06
4.0 9.72405419756e-07
4.01 9.43681427889e-07
4.02 9.15805890918e-07
4.03 8.88753750284e-07
4.04 8.62500686639e-07
4.05 8.37023098127e-07
4.06 8.12298079308e-07
4.07 7.88303400688e-07
4.08 7.6501748885e-07
4.09 7.4241940716e-07
4.1 7.20488837041e-07
4.11 6.99206059784e-07
4.12 6.78551938899e-07
4.13 6.58507902975e-07
4.14 6.39055929043e-07
4.15 6.20178526421e-07
4.16 6.01858721036e-07
4.17 5.840800402e-07
4.18 5.66826497837e-07
4.19 5.50082580131e-07
4.2 5.33833231607e-07
4.21 5.1806384161e-07
4.22 5.02760231186e-07
4.23 4.87908640343e-07
4.24 4.73495715686e-07
4.25 4.59508498418e-07
4.26 4.45934412692e-07
4.27 4.327612543e-07
4.28 4.199771797e-07
4.29 4.07570695364e-07
4.3 3.95530647438e-07
4.31 3.83846211705e-07
4.32 3.72506883845e-07
4.33 3.61502469984e-07
4.34 3.50823077514e-07
4.35 3.40459106191e-07
4.36 3.30401239491e-07
4.37 3.20640436221e-07
4.38 3.11167922381e-07
4.39 3.0197518326e-07
4.4 2.93053955769e-07
4.41 2.84396221002e-07
4.42 2.75994197012e-07
4.43 2.67840331803e-07
4.44 2.59927296528e-07
4.45 2.52247978892e-07
4.46 2.44795476741e-07
4.47 2.37563091852e-07
4.48 2.30544323897e-07
4.49 2.23732864591e-07
4.5 2.17122592011e-07
4.51 2.10707565082e-07
4.52 2.04482018232e-07
4.53 1.98440356196e-07
4.54 1.92577148983e-07
4.55 1.86887126985e-07
4.56 1.81365176234e-07
4.57 1.76006333803e-07
4.58 1.70805783334e-07
4.59 1.65758850705e-07
4.6 1.60860999829e-07
4.61 1.56107828567e-07
4.62 1.51495064769e-07
4.63 1.47018562435e-07
4.64 1.42674297981e-07
4.65 1.38458366624e-07
4.66 1.34366978866e-07
4.67 1.30396457094e-07
4.68 1.26543232267e-07
4.69 1.22803840711e-07
4.7 1.19174921004e-07
4.71 1.15653210956e-07
4.72 1.12235544679e-07
4.73 1.08918849737e-07
4.74 1.05700144391e-07
4.75 1.02576534919e-07
4.76 9.95452130133e-08
4.77 9.66034532624e-08
4.78 9.37486107005e-08
4.79 9.09781184331e-08
4.8 8.82894853319e-08
4.81 8.56802937982e-08
4.82 8.31481975919e-08
4.83 8.06909197255e-08
4.84 7.83062504199e-08
4.85 7.59920451207e-08
4.86 7.37462225735e-08
4.87 7.15667629557e-08
4.88 6.94517060636e-08
4.89 6.73991495537e-08
4.9 6.54072472349e-08
4.91 6.34742074121e-08
4.92 6.15982912783e-08
4.93 5.97778113542e-08
4.94 5.80111299743e-08
4.95 5.62966578168e-08
4.96 5.46328524783e-08
4.97 5.30182170891e-08
4.98 5.14512989703e-08
4.99 4.99306883306e-08
5.0 4.84550170006e-08
