-5.0 1.20984312301e-07
-4.99 1.23428564504e-07
-4.98 1.25922191851e-07
-4.97 1.28466189188e-07
-4.96 1.31061571295e-07
-4.95 1.3370937331e-07
-4.94 1.36410651164e-07
-4.93 1.39166482023e-07
-4.92 1.4197796475e-07
-4.91 1.44846220375e-07
-4.9 1.47772392574e-07
-4.89 1.50757648172e-07
-4.88 1.53803177644e-07
-4.87 1.56910195644e-07
-4.86 1.60079941531e-07
-4.85 1.63313679922e-07
-4.84 1.66612701248e-07
-4.83 1.69978322324e-07
-4.82 1.73411886935e-07
-4.81 1.76914766428e-07
-4.8 1.8048836032e-07
-4.79 1.84134096912e-07
-4.78 1.87853433918e-07
-4.77 1.91647859101e-07
-4.76 1.95518890918e-07
-4.75 1.99468079177e-07
-4.74 2.03497005699e-07
-4.73 2.07607284986e-07
-4.72 2.11800564902e-07
-4.71 2.16078527353e-07
-4.7 2.20442888979e-07
-4.69 2.24895401847e-07
-4.68 2.29437854149e-07
-4.67 2.34072070905e-07
-4.66 2.3879991467e-07
-4.65 2.43623286244e-07
-4.64 2.48544125384e-07
-4.63 2.53564411516e-07
-4.62 2.5868616446e-07
-4.61 2.63911445145e-07
-4.6 2.69242356334e-07
-4.59 2.74681043352e-07
-4.58 2.80229694816e-07
-4.57 2.85890543373e-07
-4.56 2.91665866436e-07
-4.55 2.97557986936e-07
-4.54 3.03569274077e-07
-4.53 3.09702144097e-07
-4.52 3.15959061049e-07
-4.51 3.22342537587e-07
-4.5 3.28855135768e-07
-4.49 3.35499467879e-07
-4.48 3.42278197274e-07
-4.47 3.49194039238e-07
-4.46 3.56249761881e-07
-4.45 3.63448187054e-07
-4.44 3.707921913e-07
-4.43 3.7828470684e-07
-4.42 3.859287226e-07
-4.41 3.93727285277e-07
-4.4 4.01683500453e-07
-4.39 4.09800533758e-07
-4.38 4.18081612087e-07
-4.37 4.26530024874e-07
-4.36 4.35149125424e-07
-4.35 4.43942332306e-07
-4.34 4.52913130825e-07
-4.33 4.62065074544e-07
-4.32 4.71401786895e-07
-4.31 4.80926962853e-07
-4.3 4.9064437069e-07
-4.29 5.00557853806e-07
-4.28 5.10671332635e-07
-4.27 5.20988806636e-07
-4.26 5.31514356351e-07
-4.25 5.42252145554e-07
-4.24 5.5320642346e-07
-4.23 5.64381527025e-07
-4.22 5.75781883302e-07
-4.21 5.8741201187e-07
-4.2 5.99276527333e-07
-4.19 6.11380141862e-07
-4.18 6.23727667805e-07
-4.17 6.36324020334e-07
-4.16 6.49174220134e-07
-4.15 6.62283396123e-07
-4.14 6.75656788197e-07
-4.13 6.89299749984e-07
-4.12 7.03217751616e-07
-4.11 7.17416382479e-07
-4.1 7.31901353964e-07
-4.09 7.46678502185e-07
-4.08 7.61753790666e-07
-4.07 7.77133312983e-07
-4.06 7.92823295349e-07
-4.05 8.08830099137e-07
-4.04 8.25160223331e-07
-4.03 8.41820306889e-07
-4.02 8.58817131025e-07
-4.01 8.76157621384e-07
-4.0 8.93848850124e-07
-3.99 9.11898037889e-07
-3.98 9.30312555669e-07
-3.97 9.49099926553e-07
-3.96 9.68267827375e-07
-3.95 9.87824090246e-07
-3.94 1.00777670399e-06
-3.93 1.02813381548e-06
-3.92 1.0489037309e-06
-3.91 1.07009491691e-06
-3.9 1.09171600179e-06
-3.89 1.11377577649e-06
-3.88 1.1362831957e-06
-3.87 1.15924737891e-06
-3.86 1.18267761151e-06
-3.85 1.20658334588e-06
-3.84 1.23097420264e-06
-3.83 1.25585997197e-06
-3.82 1.28125061512e-06
-3.81 1.30715626602e-06
-3.8 1.33358723323e-06
-3.79 1.36055400206e-06
-3.78 1.38806723702e-06
-3.77 1.41613778466e-06
-3.76 1.44477667669e-06
-3.75 1.47399513364e-06
-3.74 1.50380456893e-06
-3.73 1.53421659341e-06
-3.72 1.56524302053e-06
-3.71 1.59689587196e-06
-3.7 1.629187384e-06
-3.69 1.66213001442e-06
-3.68 1.6957364501e-06
-3.67 1.73001961532e-06
-3.66 1.7649926807e-06
-3.65 1.80066907291e-06
-3.64 1.83706248502e-06
-3.63 1.87418688761e-06
-3.62 1.91205654053e-06
-3.61 1.9506860053e-06
-3.6 1.99009015824e-06
-3.59 2.03028420414e-06
-3.58 2.07128369045e-06
-3.57 2.11310452207e-06
-3.56 2.15576297646e-06
-3.55 2.19927571924e-06
-3.54 2.24365981997e-06
-3.53 2.28893276815e-06
-3.52 2.33511248933e-06
-3.51 2.38221736118e-06
-3.5 2.43026622942e-06
-3.49 2.4792784235e-06
-3.48 2.52927377195e-06
-3.47 2.58027261708e-06
-3.46 2.6322958292e-06
-3.45 2.68536481989e-06
-3.44 2.73950155448e-06
-3.43 2.79472856335e-06
-3.42 2.8510689521e-06
-3.41 2.90854641039e-06
-3.4 2.96718521928e-06
-3.39 3.02701025706e-06
-3.38 3.08804700339e-06
-3.37 3.15032154168e-06
-3.36 3.21386055963e-06
-3.35 3.27869134796e-06
-3.34 3.3448417971e-06
-3.33 3.41234039204e-06
-3.32 3.48121620525e-06
-3.31 3.55149888768e-06
-3.3 3.62321865801e-06
-3.29 3.69640629007e-06
-3.28 3.77109309882e-06
-3.27 3.84731092479e-06
-3.26 3.92509211732e-06
-3.25 4.00446951677e-06
-3.24 4.08547643602e-06
-3.23 4.16814664144e-06
-3.22 4.2525143338e-06
-3.21 4.33861412936e-06
-3.2 4.42648104151e-06
-3.19 4.51615046355e-06
-3.18 4.60765815275e-06
-3.17 4.70104021649e-06
-3.16 4.7963331006e-06
-3.15 4.89357358068e-06
-3.14 4.99279875675e-06
-3.13 5.09404605169e-06
-3.12 5.19735321409e-06
-3.11 5.30275832595e-06
-3.1 5.41029981558e-06
-3.09 5.52001647643e-06
-3.08 5.63194749197e-06
-3.07 5.74613246725e-06
-3.06 5.86261146734e-06
-3.05 5.98142506309e-06
-3.04 6.10261438433e-06
-3.03 6.22622118083e-06
-3.02 6.35228789101e-06
-3.01 6.48085771858e-06
-3.0 6.61197471697e-06
-2.99 6.74568388149e-06
-2.98 6.88203124894e-06
-2.97 7.02106400447e-06
-2.96 7.16283059508e-06
-2.95 7.30738084942e-06
-2.94 7.45476610311e-06
-2.93 7.6050393289e-06
-2.92 7.75825527069e-06
-2.91 7.91447058062e-06
-2.9 8.0737439578e-06
-2.89 8.23613628784e-06
-2.88 8.40171078149e-06
-2.87 8.5705331112e-06
-2.86 8.74267154401e-06
-2.85 8.91819706901e-06
-2.84 9.09718351797e-06
-2.83 9.27970767709e-06
-2.82 9.46584938829e-06
-2.81 9.65569163809e-06
-2.8 9.84932063239e-06
-2.79 1.00468258552e-05
-2.78 1.02483001098e-05
-2.77 1.04538395401e-05
-2.76 1.06635436315e-05
-2.75 1.08775151891e-05
-2.74 1.10958602919e-05
-2.73 1.13186882223e-05
-2.72 1.15461113704e-05
-2.71 1.17782451111e-05
-2.7 1.20152076546e-05
-2.69 1.22571198712e-05
-2.68 1.25041050883e-05
-2.67 1.27562888629e-05
-2.66 1.30137987285e-05
-2.65 1.32767639196e-05
-2.64 1.35453150748e-05
-2.63 1.38195839206e-05
-2.62 1.409970294e-05
-2.61 1.43858050269e-05
-2.6 1.46780231325e-05
-2.59 1.49764899055e-05
-2.58 1.52813373319e-05
-2.57 1.55926963785e-05
-2.56 1.5910696645e-05
-2.55 1.62354660313e-05
-2.54 1.65671304236e-05
-2.53 1.69058134072e-05
-2.52 1.72516360102e-05
-2.51 1.76047164849e-05
-2.5 1.79651701333e-05
-2.49 1.83331091819e-05
-2.48 1.87086427117e-05
-2.47 1.90918766502e-05
-2.46 1.94829138292e-05
-2.45 1.98818541151e-05
-2.44 2.02887946151e-05
-2.43 2.07038299651e-05
-2.42 2.11270527016e-05
-2.41 2.15585537215e-05
-2.4 2.1998422833e-05
-2.39 2.24467493981e-05
-2.38 2.29036230682e-05
-2.37 2.33691346137e-05
-2.36 2.38433768454e-05
-2.35 2.43264456271e-05
-2.34 2.48184409753e-05
-2.33 2.53194682426e-05
-2.32 2.58296393795e-05
-2.31 2.63490742674e-05
-2.3 2.68779021149e-05
-2.29 2.7416262908e-05
-2.28 2.79643089037e-05
-2.27 2.85222061533e-05
-2.26 2.90901360429e-05
-2.25 2.96682968342e-05
-2.24 3.02569051896e-05
-2.23 3.08561976621e-05
-2.22 3.14664321308e-05
-2.21 3.20878891603e-05
-2.2 3.27208732607e-05
-2.19 3.33657140265e-05
-2.18 3.4022767128e-05
-2.17 3.46924151315e-05
-2.16 3.53750681225e-05
-2.15 3.60711641074e-05
-2.14 3.67811691687e-05
-2.13 3.75055773499e-05
-2.12 3.82449102486e-05
-2.11 3.89997162969e-05
-2.1 3.97705697122e-05
-2.09 4.05580691028e-05
-2.08 4.13628357179e-05
-2.07 4.21855113356e-05
-2.06 4.30267557849e-05
-2.05 4.38872441075e-05
-2.04 4.47676633648e-05
-2.03 4.56687091075e-05
-2.02 4.65910815255e-05
-2.01 4.7535481307e-05
-2.0 4.85026052388e-05
-1.99 4.94931415864e-05
-1.98 5.05077653003e-05
-1.97 5.15471330968e-05
-1.96 5.26118784707e-05
-1.95 5.37026066979e-05
-1.94 5.48198898929e-05
-1.93 5.59642621864e-05
-1.92 5.71362150915e-05
-1.91 5.83361931294e-05
-1.9 5.95645897837e-05
-1.89 6.08217438536e-05
-1.88 6.21079362754e-05
-1.87 6.34233874783e-05
-1.86 6.47682553399e-05
-1.85 6.61426338032e-05
-1.84 6.75465522123e-05
-1.83 6.8979975423e-05
-1.82 7.04428047366e-05
-1.81 7.19348797054e-05
-1.8 7.34559808491e-05
-1.79 7.50058333207e-05
-1.78 7.65841115536e-05
-1.77 7.81904449163e-05
-1.76 7.98244243979e-05
-1.75 8.14856103394e-05
-1.74 8.31735412221e-05
-1.73 8.48877435165e-05
-1.72 8.66277425897e-05
-1.71 8.83930746581e-05
-1.7 9.01832997679e-05
-1.69 9.19980157716e-05
-1.68 9.383687326e-05
-1.67 9.56995913944e-05
-1.66 9.75859745713e-05
-1.65 9.94959298316e-05
-1.64 0.000101429484912
-1.63 0.000103386806814
-1.62 0.000105368220737
-1.61 0.000107374229214
-1.6 0.000109405531237
-1.59 0.00011146304115
-1.58 0.000113547907059
-1.57 0.00011566152845
-1.56 0.00011780557272
-1.55 0.000119981990247
-1.54 0.000122193027642
-1.53 0.000124441238772
-1.52 0.000126729493124
-1.51 0.0001290609811
-1.5 0.000131439215778
-1.49 0.000133868030723
-1.48 0.000136351573435
-1.47 0.000138894294041
-1.46 0.000141500928914
-1.45 0.000144176478934
-1.44 0.000146926182221
-1.43 0.000149755481231
-1.42 0.000152669984249
-1.41 0.000155675421412
-1.4 0.000158777595551
-1.39 0.000161982328244
-1.38 0.000165295401651
-1.37 0.000168722496784
-1.36 0.000172269129027
-1.35 0.000175940581786
-1.34 0.000179741839238
-1.33 0.000183677519206
-1.32 0.0001877518072
-1.31 0.000191968392644
-1.3 0.000196330408309
-1.29 0.000200840373857
-1.28 0.000205500144367
-1.27 0.000210310864568
-1.26 0.000215272929432
-1.25 0.000220385951632
-1.24 0.000225648736262
-1.23 0.000231059263136
-1.22 0.000236614676844
-1.21 0.000242311284701
-1.2 0.000248144562659
-1.19 0.000254109169199
-1.18 0.00026019896721
-1.17 0.000266407053881
-1.16 0.000272725798609
-1.15 0.000279146889007
-1.14 0.000285661385104
-1.13 0.000292259781918
-1.12 0.000298932080627
-1.11 0.000305667868633
-1.1 0.000312456408912
-1.09 0.000319286739081
-1.08 0.000326147780699
-1.07 0.000333028459397
-1.06 0.000339917836449
-1.05 0.00034680525248
-1.04 0.000353680484014
-1.03 0.000360533913566
-1.02 0.00036735671399
-1.01 0.000374141047715
-1.0 0.000380880281416
-0.99 0.000387569216526
-0.98 0.000394204335779
-0.97 0.000400784065656
-0.96 0.000407309054246
-0.95 0.000413782463499
-0.94 0.000420210274193
-0.93 0.000426601601136
-0.92 0.000432969015146
-0.91 0.000439328867138
-0.9 0.000445701608328
-0.89 0.000452112098964
-0.88 0.000458589896334
-0.87 0.00046516951098
-0.86 0.000471890618306
-0.85 0.000478798211119
-0.84 0.000485942677376
-0.83 0.000493379786713
-0.82 0.000501170569437
-0.81 0.000509381072939
-0.8 0.000518081983066
-0.79 0.000527348102121
-0.78 0.000537257680891
-0.77 0.000547891609167
-0.76 0.000559332477448
-0.75 0.000571663531046
-0.74 0.000584967546059
-0.73 0.000599325663527
-0.72 0.000614816222787
-0.71 0.000631513636747
-0.7 0.000649487350196
-0.69 0.000668800917332
-0.68 0.000689511226935
-0.67 0.000711667893855
-0.66 0.000735312824882
-0.65 0.000760479956671
-0.64 0.000787195154329
-0.63 0.000815476252161
-0.62 0.000845333213407
-0.61 0.000876768383533
-0.6 0.000909776811595
-0.59 0.000944346615896
-0.58 0.00098045937306
-0.57 0.0010180905133
-0.56 0.00105720970851
-0.55 0.00109778124351
-0.54 0.0011397643642
-0.53 0.00118311359934
-0.52 0.00122777905459
-0.51 0.00127370667984
-0.5 0.00132083851139
-0.49 0.00136911289196
-0.48 0.00141846467157
-0.47 0.00146882539271
-0.46 0.00152012346317
-0.45 0.00157228431971
-0.44 0.00162523058562
-0.43 0.00167888222462
-0.42 0.00173315669378
-0.41 0.00178796909709
-0.4 0.00184323234165
-0.39 0.00189885729767
-0.38 0.00195475296346
-0.37 0.00201082663619
-0.36 0.00206698408901
-0.35 0.00212312975492
-0.34 0.00217916691757
-0.33 0.00223499790898
-0.32 0.00229052431408
-0.31 0.00234564718183
-0.3 0.00240026724243
-0.29 0.00245428513031
-0.28 0.00250760161219
-0.27 0.00256011781965
-0.26 0.00261173548547
-0.25 0.00266235718302
-0.24 0.0027118865678
-0.23 0.00276022862033
-0.22 0.0028072898896
-0.21 0.00285297873597
-0.2 0.00289720557272
-0.19 0.00293988310537
-0.18 0.00298092656764
-0.17 0.00302025395325
-0.16 0.00305778624257
-0.15 0.00309344762319
-0.14 0.0031271657035
-0.13 0.00315887171834
-0.12 0.00318850072594
-0.11 0.00321599179525
-0.1 0.00324128818289
-0.0900000000001 0.00326433749886
-0.0800000000001 0.0032850918605
-0.0700000000001 0.00330350803382
-0.0600000000001 0.00331954756173
-0.0500000000001 0.00333317687847
-0.0400000000001 0.00334436740991
-0.0300000000001 0.00335309565913
-0.0200000000001 0.00335934327698
-0.0100000000001 0.00336309711729
0.0 0.00336434927646
0.00999999999994 0.00336309711729
0.0199999999999 0.00335934327698
0.0299999999999 0.00335309565913
0.0399999999999 0.00334436740991
0.0499999999999 0.00333317687847
0.0599999999999 0.00331954756173
0.0699999999999 0.00330350803382
0.0799999999999 0.0032850918605
0.0899999999999 0.00326433749886
0.0999999999999 0.00324128818289
0.11 0.00321599179526
0.12 0.00318850072594
0.13 0.00315887171834
0.14 0.0031271657035
0.15 0.00309344762319
0.16 0.00305778624257
0.17 0.00302025395325
0.18 0.00298092656764
0.19 0.00293988310538
0.2 0.00289720557272
0.21 0.00285297873597
0.22 0.0028072898896
0.23 0.00276022862033
0.24 0.0027118865678
0.25 0.00266235718302
0.26 0.00261173548547
0.27 0.00256011781965
0.28 0.00250760161219
0.29 0.00245428513031
0.3 0.00240026724244
0.31 0.00234564718183
0.32 0.00229052431408
0.33 0.00223499790898
0.34 0.00217916691757
0.35 0.00212312975492
0.36 0.00206698408901
0.37 0.00201082663619
0.38 0.00195475296346
0.39 0.00189885729767
0.4 0.00184323234165
0.41 0.00178796909709
0.42 0.00173315669378
0.43 0.00167888222462
0.44 0.00162523058562
0.45 0.00157228431972
0.46 0.00152012346317
0.47 0.00146882539271
0.48 0.00141846467157
0.49 0.00136911289196
0.5 0.00132083851139
0.51 0.00127370667984
0.52 0.00122777905459
0.53 0.00118311359934
0.54 0.0011397643642
0.55 0.00109778124351
0.56 0.00105720970851
0.57 0.0010180905133
0.58 0.00098045937306
0.59 0.000944346615896
0.6 0.000909776811596
0.61 0.000876768383534
0.62 0.000845333213408
0.63 0.000815476252162
0.64 0.000787195154329
0.65 0.000760479956671
0.66 0.000735312824882
0.67 0.000711667893855
0.68 0.000689511226935
0.69 0.000668800917332
0.7 0.000649487350196
0.71 0.000631513636747
0.72 0.000614816222787
0.73 0.000599325663527
0.74 0.000584967546059
0.75 0.000571663531046
0.76 0.000559332477448
0.77 0.000547891609167
0.78 0.000537257680891
0.79 0.000527348102122
0.8 0.000518081983066
0.81 0.000509381072939
0.82 0.000501170569437
0.83 0.000493379786713
0.84 0.000485942677376
0.85 0.000478798211119
0.86 0.000471890618307
0.87 0.00046516951098
0.88 0.000458589896334
0.89 0.000452112098964
0.9 0.000445701608328
0.91 0.000439328867138
0.92 0.000432969015146
0.93 0.000426601601136
0.94 0.000420210274193
0.95 0.0004137824635
0.96 0.000407309054246
0.97 0.000400784065656
0.98 0.00039420433578
0.99 0.000387569216526
1.0 0.000380880281416
1.01 0.000374141047715
1.02 0.00036735671399
1.03 0.000360533913566
1.04 0.000353680484014
1.05 0.00034680525248
1.06 0.000339917836449
1.07 0.000333028459397
1.08 0.000326147780699
1.09 0.000319286739081
1.1 0.000312456408912
1.11 0.000305667868633
1.12 0.000298932080627
1.13 0.000292259781918
1.14 0.000285661385104
1.15 0.000279146889007
1.16 0.000272725798609
1.17 0.000266407053881
1.18 0.00026019896721
1.19 0.000254109169199
1.2 0.000248144562659
1.21 0.000242311284701
1.22 0.000236614676844
1.23 0.000231059263136
1.24 0.000225648736262
1.25 0.000220385951632
1.26 0.000215272929432
1.27 0.000210310864568
1.28 0.000205500144367
1.29 0.000200840373857
1.3 0.000196330408309
1.31 0.000191968392644
1.32 0.0001877518072
1.33 0.000183677519206
1.34 0.000179741839238
1.35 0.000175940581786
1.36 0.000172269129027
1.37 0.000168722496784
1.38 0.000165295401651
1.39 0.000161982328244
1.4 0.000158777595551
1.41 0.000155675421412
1.42 0.000152669984249
1.43 0.000149755481231
1.44 0.000146926182221
1.45 0.000144176478934
1.46 0.000141500928914
1.47 0.000138894294041
1.48 0.000136351573435
1.49 0.000133868030723
1.5 0.000131439215778
1.51 0.0001290609811
1.52 0.000126729493124
1.53 0.000124441238772
1.54 0.000122193027642
1.55 0.000119981990247
1.56 0.00011780557272
1.57 0.00011566152845
1.58 0.000113547907059
1.59 0.00011146304115
1.6 0.000109405531237
1.61 0.000107374229214
1.62 0.000105368220737
1.63 0.000103386806814
1.64 0.000101429484912
1.65 9.94959298316e-05
1.66 9.75859745713e-05
1.67 9.56995913944e-05
1.68 9.383687326e-05
1.69 9.19980157716e-05
1.7 9.01832997679e-05
1.71 8.83930746581e-05
1.72 8.66277425897e-05
1.73 8.48877435165e-05
1.74 8.31735412221e-05
1.75 8.14856103395e-05
1.76 7.9824424398e-05
1.77 7.81904449164e-05
1.78 7.65841115536e-05
1.79 7.50058333208e-05
1.8 7.34559808491e-05
1.81 7.19348797054e-05
1.82 7.04428047366e-05
1.83 6.8979975423e-05
1.84 6.75465522123e-05
1.85 6.61426338032e-05
1.86 6.476825534e-05
1.87 6.34233874783e-05
1.88 6.21079362754e-05
1.89 6.08217438536e-05
1.9 5.95645897837e-05
1.91 5.83361931294e-05
1.92 5.71362150915e-05
1.93 5.59642621864e-05
1.94 5.48198898929e-05
1.95 5.37026066979e-05
1.96 5.26118784707e-05
1.97 5.15471330968e-05
1.98 5.05077653003e-05
1.99 4.94931415864e-05
2.0 4.85026052388e-05
2.01 4.7535481307e-05
2.02 4.65910815255e-05
2.03 4.56687091076e-05
2.04 4.47676633648e-05
2.05 4.38872441075e-05
2.06 4.30267557849e-05
2.07 4.21855113356e-05
2.08 4.13628357179e-05
2.09 4.05580691028e-05
2.1 3.97705697122e-05
2.11 3.89997162969e-05
2.12 3.82449102486e-05
2.13 3.75055773499e-05
2.14 3.67811691687e-05
2.15 3.60711641074e-05
2.16 3.53750681225e-05
2.17 3.46924151315e-05
2.18 3.4022767128e-05
2.19 3.33657140265e-05
2.2 3.27208732607e-05
2.21 3.20878891603e-05
2.22 3.14664321308e-05
2.23 3.08561976621e-05
2.24 3.02569051896e-05
2.25 2.96682968342e-05
2.26 2.90901360429e-05
2.27 2.85222061533e-05
2.28 2.79643089037e-05
2.29 2.7416262908e-05
2.3 2.68779021149e-05
2.31 2.63490742674e-05
2.32 2.58296393795e-05
2.33 2.53194682426e-05
2.34 2.48184409753e-05
2.35 2.43264456271e-05
2.36 2.38433768454e-05
2.37 2.33691346137e-05
2.38 2.29036230682e-05
2.39 2.24467493981e-05
2.4 2.19984228331e-05
2.41 2.15585537215e-05
2.42 2.11270527016e-05
2.43 2.07038299652e-05
2.44 2.02887946151e-05
2.45 1.98818541151e-05
2.46 1.94829138292e-05
2.47 1.90918766502e-05
2.48 1.87086427117e-05
2.49 1.83331091819e-05
2.5 1.79651701333e-05
2.51 1.76047164849e-05
2.52 1.72516360102e-05
2.53 1.69058134073e-05
2.54 1.65671304236e-05
2.55 1.62354660313e-05
2.56 1.5910696645e-05
2.57 1.55926963785e-05
2.58 1.52813373319e-05
2.59 1.49764899055e-05
2.6 1.46780231325e-05
2.61 1.43858050269e-05
2.62 1.409970294e-05
2.63 1.38195839206e-05
2.64 1.35453150748e-05
2.65 1.32767639196e-05
2.66 1.30137987285e-05
2.67 1.27562888629e-05
2.68 1.25041050883e-05
2.69 1.22571198712e-05
2.7 1.20152076546e-05
2.71 1.17782451111e-05
2.72 1.15461113704e-05
2.73 1.13186882223e-05
2.74 1.10958602919e-05
2.75 1.08775151891e-05
2.76 1.06635436315e-05
2.77 1.04538395401e-05
2.78 1.02483001098e-05
2.79 1.00468258552e-05
2.8 9.84932063239e-06
2.81 9.65569163809e-06
2.82 9.46584938829e-06
2.83 9.27970767709e-06
2.84 9.09718351797e-06
2.85 8.91819706901e-06
2.86 8.74267154401e-06
2.87 8.57053311121e-06
2.88 8.40171078149e-06
2.89 8.23613628784e-06
2.9 8.0737439578e-06
2.91 7.91447058062e-06
2.92 7.7582552707e-06
2.93 7.6050393289e-06
2.94 7.45476610311e-06
2.95 7.30738084942e-06
2.96 7.16283059508e-06
2.97 7.02106400447e-06
2.98 6.88203124894e-06
2.99 6.74568388149e-06
3.0 6.61197471697e-06
3.01 6.48085771858e-06
3.02 6.35228789101e-06
3.03 6.22622118083e-06
3.04 6.10261438433e-06
3.05 5.98142506309e-06
3.06 5.86261146734e-06
3.07 5.74613246725e-06
3.08 5.63194749197e-06
3.09 5.52001647643e-06
3.1 5.41029981558e-06
3.11 5.30275832595e-06
3.12 5.1973532141e-06
3.13 5.09404605169e-06
3.14 4.99279875675e-06
3.15 4.89357358068e-06
3.16 4.7963331006e-06
3.17 4.70104021649e-06
3.18 4.60765815275e-06
3.19 4.51615046355e-06
3.2 4.42648104151e-06
3.21 4.33861412936e-06
3.22 4.2525143338e-06
3.23 4.16814664144e-06
3.24 4.08547643602e-06
3.25 4.00446951677e-06
3.26 3.92509211732e-06
3.27 3.8473109248e-06
3.28 3.77109309882e-06
3.29 3.69640629007e-06
3.3 3.62321865801e-06
3.31 3.55149888768e-06
3.32 3.48121620525e-06
3.33 3.41234039204e-06
3.34 3.3448417971e-06
3.35 3.27869134796e-06
3.36 3.21386055963e-06
3.37 3.15032154168e-06
3.38 3.08804700339e-06
3.39 3.02701025706e-06
3.4 2.96718521928e-06
3.41 2.90854641039e-06
3.42 2.85106895211e-06
3.43 2.79472856335e-06
3.44 2.73950155448e-06
3.45 2.68536481989e-06
3.46 2.6322958292e-06
3.47 2.58027261708e-06
3.48 2.52927377195e-06
3.49 2.4792784235e-06
3.5 2.43026622942e-06
3.51 2.38221736118e-06
3.52 2.33511248933e-06
3.53 2.28893276815e-06
3.54 2.24365981997e-06
3.55 2.19927571924e-06
3.56 2.15576297646e-06
3.57 2.11310452207e-06
3.58 2.07128369046e-06
3.59 2.03028420414e-06
3.6 1.99009015824e-06
3.61 1.9506860053e-06
3.62 1.91205654053e-06
3.63 1.87418688762e-06
3.64 1.83706248502e-06
3.65 1.80066907291e-06
3.66 1.7649926807e-06
3.67 1.73001961532e-06
3.68 1.6957364501e-06
3.69 1.66213001442e-06
3.7 1.629187384e-06
3.71 1.59689587197e-06
3.72 1.56524302053e-06
3.73 1.53421659342e-06
3.74 1.50380456893e-06
3.75 1.47399513364e-06
3.76 1.44477667669e-06
3.77 1.41613778466e-06
3.78 1.38806723703e-06
3.79 1.36055400206e-06
3.8 1.33358723323e-06
3.81 1.30715626602e-06
3.82 1.28125061512e-06
3.83 1.25585997197e-06
3.84 1.23097420264e-06
3.85 1.20658334588e-06
3.86 1.18267761151e-06
3.87 1.15924737891e-06
3.88 1.1362831957e-06
3.89 1.11377577649e-06
3.9 1.09171600179e-06
3.91 1.07009491691e-06
3.92 1.0489037309e-06
3.93 1.02813381548e-06
3.94 1.00777670399e-06
3.95 9.87824090246e-07
3.96 9.68267827376e-07
3.97 9.49099926554e-07
3.98 9.30312555669e-07
3.99 9.11898037889e-07
4.0 8.93848850124e-07
4.01 8.76157621384e-07
4.02 8.58817131025e-07
4.03 8.4182030689e-07
4.04 8.25160223331e-07
4.05 8.08830099137e-07
4.06 7.92823295349e-07
4.07 7.77133312983e-07
4.08 7.61753790666e-07
4.09 7.46678502185e-07
4.1 7.31901353964e-07
4.11 7.17416382479e-07
4.12 7.03217751616e-07
4.13 6.89299749984e-07
4.14 6.75656788197e-07
4.15 6.62283396124e-07
4.16 6.49174220135e-07
4.17 6.36324020334e-07
4.18 6.23727667805e-07
4.19 6.11380141862e-07
4.2 5.99276527333e-07
4.21 5.8741201187e-07
4.22 5.75781883302e-07
4.23 5.64381527025e-07
4.24 5.5320642346e-07
4.25 5.42252145554e-07
4.26 5.31514356352e-07
4.27 5.20988806636e-07
4.28 5.10671332635e-07
4.29 5.00557853806e-07
4.3 4.9064437069e-07
4.31 4.80926962854e-07
4.32 4.71401786895e-07
4.33 4.62065074544e-07
4.34 4.52913130825e-07
4.35 4.43942332307e-07
4.36 4.35149125424e-07
4.37 4.26530024875e-07
4.38 4.18081612087e-07
4.39 4.09800533758e-07
4.4 4.01683500453e-07
4.41 3.93727285277e-07
4.42 3.859287226e-07
4.43 3.7828470684e-07
4.44 3.707921913e-07
4.45 3.63448187054e-07
4.46 3.56249761881e-07
4.47 3.49194039238e-07
4.48 3.42278197274e-07
4.49 3.35499467879e-07
4.5 3.28855135768e-07
4.51 3.22342537587e-07
4.52 3.15959061049e-07
4.53 3.09702144097e-07
4.54 3.03569274077e-07
4.55 2.97557986936e-07
4.56 2.91665866436e-07
4.57 2.85890543373e-07
4.58 2.80229694816e-07
4.59 2.74681043352e-07
4.6 2.69242356334e-07
4.61 2.63911445145e-07
4.62 2.5868616446e-07
4.63 2.53564411516e-07
4.64 2.48544125384e-07
4.65 2.43623286245e-07
4.66 2.3879991467e-07
4.67 2.34072070905e-07
4.68 2.29437854149e-07
4.69 2.24895401848e-07
4.7 2.2044288898e-07
4.71 2.16078527353e-07
4.72 2.11800564902e-07
4.73 2.07607284986e-07
4.74 2.03497005699e-07
4.75 1.99468079177e-07
4.76 1.95518890918e-07
4.77 1.91647859101e-07
4.78 1.87853433918e-07
4.79 1.84134096912e-07
4.8 1.8048836032e-07
4.81 1.76914766428e-07
4.82 1.73411886935e-07
4.83 1.69978322324e-07
4.84 1.66612701248e-07
4.85 1.63313679922e-07
4.86 1.60079941531e-07
4.87 1.56910195644e-07
4.88 1.53803177644e-07
4.89 1.50757648172e-07
4.9 1.47772392574e-07
4.91 1.44846220375e-07
4.92 1.4197796475e-07
4.93 1.39166482023e-07
4.94 1.36410651164e-07
4.95 1.3370937331e-07
4.96 1.31061571295e-07
4.97 1.28466189188e-07
4.98 1.25922191852e-07
4.99 1.23428564504e-07
5.0 1.20984312301e-07
