-5.0 1.9205577702e-12
-4.99 1.90145062789e-12
-4.98 1.88253352424e-12
-4.97 1.86380457072e-12
-4.96 1.8452618975e-12
-4.95 1.82690365332e-12
-4.94 1.80872800524e-12
-4.93 1.79073313853e-12
-4.92 1.77291725642e-12
-4.91 1.75527857998e-12
-4.9 1.73781534792e-12
-4.89 1.72052581639e-12
-4.88 1.70340825888e-12
-4.87 1.68646096598e-12
-4.86 1.66968224524e-12
-4.85 1.65307042099e-12
-4.84 1.63662383421e-12
-4.83 1.62034084232e-12
-4.82 1.60421981904e-12
-4.81 1.58825915423e-12
-4.8 1.57245725372e-12
-4.79 1.55681253918e-12
-4.78 1.54132344791e-12
-4.77 1.52598843276e-12
-4.76 1.51080596191e-12
-4.75 1.49577451875e-12
-4.74 1.48089260172e-12
-4.73 1.46615872417e-12
-4.72 1.45157141421e-12
-4.71 1.43712921455e-12
-4.7 1.4228306824e-12
-4.69 1.40867438925e-12
-4.68 1.3946589208e-12
-4.67 1.3807828768e-12
-4.66 1.36704487089e-12
-4.65 1.35344353048e-12
-4.64 1.3399774966e-12
-4.63 1.3266454238e-12
-4.62 1.31344597997e-12
-4.61 1.30037784624e-12
-4.6 1.28743971684e-12
-4.59 1.27463029896e-12
-4.58 1.26194831265e-12
-4.57 1.24939249065e-12
-4.56 1.23696157831e-12
-4.55 1.22465433343e-12
-4.54 1.21246952616e-12
-4.53 1.20040593885e-12
-4.52 1.18846236596e-12
-4.51 1.17663761394e-12
-4.5 1.16493050106e-12
-4.49 1.15333985738e-12
-4.48 1.14186452455e-12
-4.47 1.13050335573e-12
-4.46 1.1192552155e-12
-4.45 1.10811897969e-12
-4.44 1.09709353534e-12
-4.43 1.08617778051e-12
-4.42 1.07537062424e-12
-4.41 1.06467098639e-12
-4.4 1.05407779757e-12
-4.39 1.04358999902e-12
-4.38 1.03320654248e-12
-4.37 1.02292639013e-12
-4.36 1.01274851446e-12
-4.35 1.00267189817e-12
-4.34 9.92695534072e-13
-4.33 9.82818424989e-13
-4.32 9.73039583656e-13
-4.31 9.6335803262e-13
-4.3 9.53772804148e-13
-4.29 9.44282940123e-13
-4.28 9.34887491953e-13
-4.27 9.25585520477e-13
-4.26 9.16376095869e-13
-4.25 9.07258297546e-13
-4.24 8.9823121408e-13
-4.23 8.89293943101e-13
-4.22 8.8044559121e-13
-4.21 8.71685273891e-13
-4.2 8.63012115422e-13
-4.19 8.54425248789e-13
-4.18 8.45923815594e-13
-4.17 8.37506965978e-13
-4.16 8.29173858529e-13
-4.15 8.20923660202e-13
-4.14 8.12755546236e-13
-4.13 8.04668700068e-13
-4.12 7.96662313258e-13
-4.11 7.887355854e-13
-4.1 7.80887724052e-13
-4.09 7.73117944647e-13
-4.08 7.65425470422e-13
-4.07 7.57809532339e-13
-4.06 7.50269369004e-13
-4.05 7.42804226598e-13
-4.04 7.35413358796e-13
-4.03 7.28096026695e-13
-4.02 7.20851498741e-13
-4.01 7.13679050654e-13
-4.0 7.06577965358e-13
-3.99 6.99547532905e-13
-3.98 6.92587050412e-13
-3.97 6.85695821982e-13
-3.96 6.78873158643e-13
-3.95 6.7211837827e-13
-3.94 6.65430805526e-13
-3.93 6.5880977179e-13
-3.92 6.52254615088e-13
-3.91 6.45764680032e-13
-3.9 6.39339317753e-13
-3.89 6.32977885833e-13
-3.88 6.26679748246e-13
-3.87 6.2044427529e-13
-3.86 6.14270843527e-13
-3.85 6.0815883572e-13
-3.84 6.0210764077e-13
-3.83 5.96116653658e-13
-3.82 5.9018527538e-13
-3.81 5.84312912892e-13
-3.8 5.78498979049e-13
-3.79 5.72742892545e-13
-3.78 5.67044077857e-13
-3.77 5.61401965185e-13
-3.76 5.55815990399e-13
-3.75 5.50285594977e-13
-3.74 5.44810225956e-13
-3.73 5.39389335872e-13
-3.72 5.34022382706e-13
-3.71 5.28708829831e-13
-3.7 5.23448145958e-13
-3.69 5.18239805083e-13
-3.68 5.13083286434e-13
-3.67 5.0797807442e-13
-3.66 5.02923658578e-13
-3.65 4.97919533523e-13
-3.64 4.92965198897e-13
-3.63 4.8806015932e-13
-3.62 4.8320392434e-13
-3.61 4.78396008382e-13
-3.6 4.73635930705e-13
-3.59 4.68923215346e-13
-3.58 4.6425739108e-13
-3.57 4.59637991368e-13
-3.56 4.55064554313e-13
-3.55 4.50536622613e-13
-3.54 4.46053743513e-13
-3.53 4.41615468766e-13
-3.52 4.37221354581e-13
-3.51 4.32870961583e-13
-3.5 4.28563854768e-13
-3.49 4.24299603459e-13
-3.48 4.20077781264e-13
-3.47 4.15897966033e-13
-3.46 4.11759739816e-13
-3.45 4.07662688818e-13
-3.44 4.03606403366e-13
-3.43 3.99590477857e-13
-3.42 3.95614510727e-13
-3.41 3.91678104405e-13
-3.4 3.87780865276e-13
-3.39 3.83922403641e-13
-3.38 3.80102333677e-13
-3.37 3.76320273401e-13
-3.36 3.72575844628e-13
-3.35 3.68868672939e-13
-3.34 3.65198387635e-13
-3.33 3.6156462171e-13
-3.32 3.57967011805e-13
-3.31 3.5440519818e-13
-3.3 3.50878824671e-13
-3.29 3.47387538658e-13
-3.28 3.4393099103e-13
-3.27 3.40508836148e-13
-3.26 3.37120731814e-13
-3.25 3.33766339232e-13
-3.24 3.30445322978e-13
-3.23 3.27157350965e-13
-3.22 3.2390209441e-13
-3.21 3.206792278e-13
-3.2 3.17488428863e-13
-3.19 3.1432937853e-13
-3.18 3.11201760909e-13
-3.17 3.0810526325e-13
-3.16 3.05039575915e-13
-3.15 3.02004392346e-13
-3.14 2.98999409035e-13
-3.13 2.96024325494e-13
-3.12 2.93078844225e-13
-3.11 2.9016267069e-13
-3.1 2.87275513279e-13
-3.09 2.84417083287e-13
-3.08 2.81587094879e-13
-3.07 2.78785265064e-13
-3.06 2.76011313668e-13
-3.05 2.73264963303e-13
-3.04 2.70545939341e-13
-3.03 2.67853969888e-13
-3.02 2.65188785753e-13
-3.01 2.62550120424e-13
-3.0 2.59937710043e-13
-2.99 2.57351293372e-13
-2.98 2.54790611779e-13
-2.97 2.52255409198e-13
-2.96 2.49745432117e-13
-2.95 2.47260429542e-13
-2.94 2.44800152979e-13
-2.93 2.42364356405e-13
-2.92 2.39952796245e-13
-2.91 2.37565231348e-13
-2.9 2.3520142296e-13
-2.89 2.32861134707e-13
-2.88 2.30544132563e-13
-2.87 2.28250184832e-13
-2.86 2.25979062123e-13
-2.85 2.23730537327e-13
-2.84 2.21504385596e-13
-2.83 2.19300384317e-13
-2.82 2.17118313093e-13
-2.81 2.14957953721e-13
-2.8 2.12819090167e-13
-2.79 2.10701508549e-13
-2.78 2.08604997109e-13
-2.77 2.06529346201e-13
-2.76 2.04474348261e-13
-2.75 2.02439797792e-13
-2.74 2.00425491342e-13
-2.73 1.98431227481e-13
-2.72 1.96456806785e-13
-2.71 1.94502031814e-13
-2.7 1.92566707094e-13
-2.69 1.90650639092e-13
-2.68 1.88753636204e-13
-2.67 1.86875508732e-13
-2.66 1.85016068864e-13
-2.65 1.83175130657e-13
-2.64 1.81352510019e-13
-2.63 1.7954802469e-13
-2.62 1.77761494222e-13
-2.61 1.75992739964e-13
-2.6 1.7424158504e-13
-2.59 1.72507854337e-13
-2.58 1.70791374483e-13
-2.57 1.6909197383e-13
-2.56 1.67409482439e-13
-2.55 1.65743732063e-13
-2.54 1.64094556126e-13
-2.53 1.62461789712e-13
-2.52 1.60845269546e-13
-2.51 1.59244833974e-13
-2.5 1.57660322956e-13
-2.49 1.5609157804e-13
-2.48 1.54538442352e-13
-2.47 1.53000760578e-13
-2.46 1.51478378953e-13
-2.45 1.49971145236e-13
-2.44 1.48478908707e-13
-2.43 1.4700152014e-13
-2.42 1.45538831798e-13
-2.41 1.44090697412e-13
-2.4 1.42656972169e-13
-2.39 1.41237512697e-13
-2.38 1.39832177049e-13
-2.37 1.38440824692e-13
-2.36 1.37063316492e-13
-2.35 1.35699514697e-13
-2.34 1.34349282927e-13
-2.33 1.3301248616e-13
-2.32 1.31688990715e-13
-2.31 1.30378664242e-13
-2.3 1.29081375711e-13
-2.29 1.2779699539e-13
-2.28 1.26525394843e-13
-2.27 1.25266446909e-13
-2.26 1.24020025693e-13
-2.25 1.22786006553e-13
-2.24 1.21564266087e-13
-2.23 1.20354682121e-13
-2.22 1.19157133695e-13
-2.21 1.17971501056e-13
-2.2 1.1679766564e-13
-2.19 1.15635510062e-13
-2.18 1.14484918108e-13
-2.17 1.13345774717e-13
-2.16 1.12217965975e-13
-2.15 1.11101379101e-13
-2.14 1.09995902436e-13
-2.13 1.08901425432e-13
-2.12 1.07817838641e-13
-2.11 1.06745033704e-13
-2.1 1.0568290334e-13
-2.09 1.04631341336e-13
-2.08 1.03590242536e-13
-2.07 1.02559502828e-13
-2.06 1.0153901914e-13
-2.05 1.00528689421e-13
-2.04 9.95284126395e-14
-2.03 9.85380887665e-14
-2.02 9.75576187694e-14
-2.01 9.65869046009e-14
-2.0 9.56258491892e-14
-1.99 9.46743564284e-14
-1.98 9.37323311688e-14
-1.97 9.27996792075e-14
-1.96 9.18763072789e-14
-1.95 9.09621230454e-14
-1.94 9.00570350882e-14
-1.93 8.9160952898e-14
-1.92 8.82737868663e-14
-1.91 8.73954482761e-14
-1.9 8.6525849293e-14
-1.89 8.56649029568e-14
-1.88 8.48125231725e-14
-1.87 8.39686247015e-14
-1.86 8.31331231536e-14
-1.85 8.23059349784e-14
-1.84 8.14869774564e-14
-1.83 8.06761686916e-14
-1.82 7.98734276027e-14
-1.81 7.90786739151e-14
-1.8 7.8291828153e-14
-1.79 7.75128116314e-14
-1.78 7.67415464483e-14
-1.77 7.59779554767e-14
-1.76 7.5221962357e-14
-1.75 7.44734914896e-14
-1.74 7.37324680269e-14
-1.73 7.29988178661e-14
-1.72 7.22724676419e-14
-1.71 7.15533447187e-14
-1.7 7.08413771839e-14
-1.69 7.01364938402e-14
-1.68 6.9438624199e-14
-1.67 6.87476984727e-14
-1.66 6.80636475686e-14
-1.65 6.73864030809e-14
-1.64 6.67158972849e-14
-1.63 6.60520631295e-14
-1.62 6.5394834231e-14
-1.61 6.4744144866e-14
-1.6 6.40999299652e-14
-1.59 6.34621251067e-14
-1.58 6.28306665095e-14
-1.57 6.22054910275e-14
-1.56 6.15865361426e-14
-1.55 6.0973739959e-14
-1.54 6.03670411966e-14
-1.53 5.97663791852e-14
-1.52 5.91716938582e-14
-1.51 5.85829257466e-14
-1.5 5.80000159732e-14
-1.49 5.74229062467e-14
-1.48 5.68515388558e-14
-1.47 5.62858566632e-14
-1.46 5.57258031003e-14
-1.45 5.51713221615e-14
-1.44 5.46223583983e-14
-1.43 5.40788569138e-14
-1.42 5.35407633576e-14
-1.41 5.300802392e-14
-1.4 5.24805853266e-14
-1.39 5.19583948332e-14
-1.38 5.14414002203e-14
-1.37 5.09295497882e-14
-1.36 5.04227923515e-14
-1.35 4.9921077234e-14
-1.34 4.94243542639e-14
-1.33 4.89325737685e-14
-1.32 4.84456865694e-14
-1.31 4.79636439775e-14
-1.3 4.74863977883e-14
-1.29 4.70139002768e-14
-1.28 4.65461041928e-14
-1.27 4.60829627564e-14
-1.26 4.56244296532e-14
-1.25 4.51704590295e-14
-1.24 4.47210054879e-14
-1.23 4.42760240827e-14
-1.22 4.38354703154e-14
-1.21 4.33993001304e-14
-1.2 4.29674699102e-14
-1.19 4.25399364717e-14
-1.18 4.2116657061e-14
-1.17 4.16975893499e-14
-1.16 4.12826914314e-14
-1.15 4.08719218153e-14
-1.14 4.04652394244e-14
-1.13 4.00626035901e-14
-1.12 3.96639740486e-14
-1.11 3.92693109365e-14
-1.1 3.88785747873e-14
-1.09 3.8491726527e-14
-1.08 3.81087274706e-14
-1.07 3.77295393178e-14
-1.06 3.73541241496e-14
-1.05 3.6982444424e-14
-1.04 3.6614462973e-14
-1.03 3.6250142998e-14
-1.02 3.58894480667e-14
-1.01 3.55323421094e-14
-1.0 3.51787894153e-14
-0.99 3.48287546287e-14
-0.98 3.44822027459e-14
-0.97 3.41390991115e-14
-0.96 3.37994094149e-14
-0.95 3.34630996867e-14
-0.94 3.31301362958e-14
-0.93 3.28004859456e-14
-0.92 3.24741156707e-14
-0.91 3.2150992834e-14
-0.9 3.18310851227e-14
-0.89 3.15143605461e-14
-0.88 3.12007874312e-14
-0.87 3.08903344206e-14
-0.86 3.05829704688e-14
-0.85 3.0278664839e-14
-0.84 2.99773871005e-14
-0.83 2.96791071253e-14
-0.82 2.93837950851e-14
-0.81 2.90914214485e-14
-0.8 2.88019569779e-14
-0.79 2.85153727266e-14
-0.78 2.8231640036e-14
-0.77 2.79507305326e-14
-0.76 2.76726161251e-14
-0.75 2.73972690021e-14
-0.74 2.71246616284e-14
-0.73 2.68547667432e-14
-0.72 2.65875573567e-14
-0.71 2.63230067478e-14
-0.7 2.60610884613e-14
-0.69 2.5801776305e-14
-0.68 2.55450443476e-14
-0.67 2.52908669156e-14
-0.66 2.50392185912e-14
-0.65 2.47900742093e-14
-0.64 2.45434088552e-14
-0.63 2.42991978622e-14
-0.62 2.4057416809e-14
-0.61 2.38180415173e-14
-0.6 2.35810480494e-14
-0.59 2.33464127057e-14
-0.58 2.31141120226e-14
-0.57 2.28841227698e-14
-0.56 2.26564219481e-14
-0.55 2.24309867873e-14
-0.54 2.22077947437e-14
-0.53 2.19868234979e-14
-0.52 2.17680509526e-14
-0.51 2.15514552304e-14
-0.5 2.13370146715e-14
-0.49 2.11247078317e-14
-0.48 2.09145134801e-14
-0.47 2.07064105972e-14
-0.46 2.05003783724e-14
-0.45 2.02963962025e-14
-0.44 2.00944436889e-14
-0.43 1.98945006363e-14
-0.42 1.96965470503e-14
-0.41 1.95005631352e-14
-0.4 1.93065292926e-14
-0.39 1.91144261189e-14
-0.38 1.89242344036e-14
-0.37 1.87359351275e-14
-0.36 1.85495094603e-14
-0.35 1.83649387595e-14
-0.34 1.81822045677e-14
-0.33 1.80012886115e-14
-0.32 1.7822172799e-14
-0.31 1.76448392186e-14
-0.3 1.74692701367e-14
-0.29 1.72954479963e-14
-0.28 1.7123355415e-14
-0.27 1.69529751835e-14
-0.26 1.67842902635e-14
-0.25 1.66172837865e-14
-0.24 1.64519390516e-14
-0.23 1.62882395243e-14
-0.22 1.61261688344e-14
-0.21 1.59657107748e-14
-0.2 1.58068492995e-14
-0.19 1.56495685222e-14
-0.18 1.54938527148e-14
-0.17 1.53396863055e-14
-0.16 1.51870538775e-14
-0.15 1.50359401676e-14
-0.14 1.48863300641e-14
-0.13 1.4738208606e-14
-0.12 1.4591560981e-14
-0.11 1.44463725242e-14
-0.1 1.43026287166e-14
-0.0900000000001 1.41603151838e-14
-0.0800000000001 1.40194176943e-14
-0.0700000000001 1.38799221581e-14
-0.0600000000001 1.37418146258e-14
-0.0500000000001 1.36050812862e-14
-0.0400000000001 1.34697084662e-14
-0.0300000000001 1.33356826281e-14
-0.0200000000001 1.32029903694e-14
-0.0100000000001 1.30716184207e-14
0.0 1.29415536446e-14
0.00999999999994 1.28127830347e-14
0.0199999999999 1.26852937138e-14
0.0299999999999 1.25590729328e-14
0.0399999999999 1.24341080694e-14
0.0499999999999 1.23103866273e-14
0.0599999999999 1.2187896234e-14
0.0699999999999 1.20666246405e-14
0.0799999999999 1.19465597194e-14
0.0899999999999 1.18276894643e-14
0.0999999999999 1.17100019879e-14
0.11 1.15934855215e-14
0.12 1.14781284132e-14
0.13 1.13639191274e-14
0.14 1.12508462429e-14
0.15 1.11388984524e-14
0.16 1.1028064561e-14
0.17 1.09183334852e-14
0.18 1.08096942518e-14
0.19 1.07021359969e-14
0.2 1.05956479644e-14
0.21 1.04902195056e-14
0.22 1.03858400774e-14
0.23 1.02824992419e-14
0.24 1.01801866648e-14
0.25 1.00788921149e-14
0.26 9.97860546258e-15
0.27 9.87931667911e-15
0.28 9.78101583552e-15
0.29 9.68369310165e-15
0.3 9.58733874515e-15
0.31 9.4919431305e-15
0.32 9.39749671806e-15
0.33 9.3039900631e-15
0.34 9.2114138149e-15
0.35 9.11975871574e-15
0.36 9.02901560004e-15
0.37 8.93917539341e-15
0.38 8.85022911176e-15
0.39 8.76216786038e-15
0.4 8.67498283308e-15
0.41 8.58866531129e-15
0.42 8.50320666317e-15
0.43 8.41859834279e-15
0.44 8.33483188926e-15
0.45 8.25189892585e-15
0.46 8.1697911592e-15
0.47 8.08850037847e-15
0.48 8.00801845451e-15
0.49 7.92833733906e-15
0.5 7.84944906394e-15
0.51 7.77134574026e-15
0.52 7.69401955762e-15
0.53 7.61746278335e-15
0.54 7.54166776169e-15
0.55 7.46662691309e-15
0.56 7.39233273339e-15
0.57 7.31877779312e-15
0.58 7.24595473673e-15
0.59 7.17385628184e-15
0.6 7.10247521855e-15
0.61 7.03180440869e-15
0.62 6.96183678513e-15
0.63 6.89256535105e-15
0.64 6.82398317924e-15
0.65 6.75608341143e-15
0.66 6.68885925758e-15
0.67 6.62230399523e-15
0.68 6.5564109688e-15
0.69 6.49117358892e-15
0.7 6.4265853318e-15
0.71 6.36263973857e-15
0.72 6.29933041461e-15
0.73 6.23665102894e-15
0.74 6.17459531356e-15
0.75 6.11315706286e-15
0.76 6.05233013295e-15
0.77 5.9921084411e-15
0.78 5.93248596508e-15
0.79 5.8734567426e-15
0.8 5.81501487069e-15
0.81 5.7571545051e-15
0.82 5.69986985976e-15
0.83 5.64315520615e-15
0.84 5.58700487276e-15
0.85 5.53141324452e-15
0.86 5.4763747622e-15
0.87 5.42188392192e-15
0.88 5.36793527455e-15
0.89 5.31452342518e-15
0.9 5.26164303258e-15
0.91 5.20928880866e-15
0.92 5.15745551796e-15
0.93 5.10613797711e-15
0.94 5.05533105432e-15
0.95 5.00502966883e-15
0.96 4.95522879048e-15
0.97 4.90592343914e-15
0.98 4.85710868423e-15
0.99 4.80877964424e-15
1.0 4.76093148621e-15
1.01 4.7135594253e-15
1.02 4.66665872426e-15
1.03 4.62022469297e-15
1.04 4.57425268801e-15
1.05 4.52873811212e-15
1.06 4.48367641382e-15
1.07 4.43906308689e-15
1.08 4.39489366997e-15
1.09 4.35116374608e-15
1.1 4.30786894219e-15
1.11 4.26500492878e-15
1.12 4.22256741942e-15
1.13 4.18055217031e-15
1.14 4.13895497991e-15
1.15 4.09777168845e-15
1.16 4.05699817758e-15
1.17 4.0166303699e-15
1.18 3.9766642286e-15
1.19 3.93709575704e-15
1.2 3.89792099834e-15
1.21 3.85913603499e-15
1.22 3.82073698845e-15
1.23 3.78272001879e-15
1.24 3.74508132429e-15
1.25 3.70781714104e-15
1.26 3.67092374259e-15
1.27 3.63439743958e-15
1.28 3.59823457934e-15
1.29 3.56243154555e-15
1.3 3.52698475789e-15
1.31 3.49189067164e-15
1.32 3.45714577736e-15
1.33 3.42274660055e-15
1.34 3.38868970124e-15
1.35 3.35497167373e-15
1.36 3.32158914619e-15
1.37 3.28853878032e-15
1.38 3.25581727107e-15
1.39 3.22342134627e-15
1.4 3.19134776628e-15
1.41 3.15959332373e-15
1.42 3.12815484314e-15
1.43 3.09702918064e-15
1.44 3.06621322365e-15
1.45 3.03570389053e-15
1.46 3.00549813032e-15
1.47 2.97559292244e-15
1.48 2.94598527632e-15
1.49 2.91667223119e-15
1.5 2.88765085571e-15
1.51 2.85891824773e-15
1.52 2.83047153395e-15
1.53 2.80230786968e-15
1.54 2.77442443853e-15
1.55 2.74681845214e-15
1.56 2.71948714989e-15
1.57 2.69242779861e-15
1.58 2.66563769236e-15
1.59 2.6391141521e-15
1.6 2.61285452545e-15
1.61 2.58685618643e-15
1.62 2.56111653519e-15
1.63 2.53563299773e-15
1.64 2.51040302569e-15
1.65 2.48542409604e-15
1.66 2.46069371087e-15
1.67 2.43620939712e-15
1.68 2.41196870634e-15
1.69 2.38796921444e-15
1.7 2.36420852146e-15
1.71 2.34068425129e-15
1.72 2.3173940515e-15
1.73 2.29433559305e-15
1.74 2.27150657007e-15
1.75 2.24890469964e-15
1.76 2.22652772155e-15
1.77 2.20437339809e-15
1.78 2.1824395138e-15
1.79 2.16072387529e-15
1.8 2.13922431096e-15
1.81 2.11793867085e-15
1.82 2.09686482637e-15
1.83 2.07600067012e-15
1.84 2.05534411567e-15
1.85 2.03489309734e-15
1.86 2.01464557001e-15
1.87 1.99459950892e-15
1.88 1.97475290945e-15
1.89 1.95510378691e-15
1.9 1.93565017638e-15
1.91 1.91639013248e-15
1.92 1.89732172919e-15
1.93 1.87844305965e-15
1.94 1.85975223598e-15
1.95 1.84124738909e-15
1.96 1.82292666847e-15
1.97 1.80478824204e-15
1.98 1.78683029593e-15
1.99 1.76905103435e-15
2.0 1.75144867934e-15
2.01 1.73402147066e-15
2.02 1.71676766557e-15
2.03 1.69968553868e-15
2.04 1.68277338175e-15
2.05 1.66602950357e-15
2.06 1.64945222973e-15
2.07 1.63303990248e-15
2.08 1.61679088059e-15
2.09 1.60070353913e-15
2.1 1.58477626936e-15
2.11 1.56900747853e-15
2.12 1.55339558977e-15
2.13 1.53793904185e-15
2.14 1.52263628912e-15
2.15 1.50748580129e-15
2.16 1.49248606329e-15
2.17 1.47763557515e-15
2.18 1.46293285179e-15
2.19 1.44837642294e-15
2.2 1.43396483294e-15
2.21 1.41969664061e-15
2.22 1.40557041913e-15
2.23 1.39158475587e-15
2.24 1.37773825224e-15
2.25 1.36402952358e-15
2.26 1.35045719902e-15
2.27 1.33701992129e-15
2.28 1.32371634668e-15
2.29 1.3105451448e-15
2.3 1.29750499853e-15
2.31 1.28459460384e-15
2.32 1.27181266968e-15
2.33 1.25915791785e-15
2.34 1.24662908286e-15
2.35 1.23422491181e-15
2.36 1.22194416429e-15
2.37 1.2097856122e-15
2.38 1.19774803968e-15
2.39 1.18583024296e-15
2.4 1.17403103025e-15
2.41 1.16234922163e-15
2.42 1.15078364889e-15
2.43 1.13933315548e-15
2.44 1.12799659634e-15
2.45 1.11677283779e-15
2.46 1.10566075746e-15
2.47 1.09465924413e-15
2.48 1.08376719763e-15
2.49 1.07298352875e-15
2.5 1.06230715913e-15
2.51 1.0517370211e-15
2.52 1.04127205765e-15
2.53 1.03091122228e-15
2.54 1.02065347888e-15
2.55 1.01049780169e-15
2.56 1.00044317512e-15
2.57 9.90488593696e-16
2.58 9.8063306196e-16
2.59 9.70875594347e-16
2.6 9.61215215102e-16
2.61 9.5165095818e-16
2.62 9.42181867147e-16
2.63 9.32806995085e-16
2.64 9.23525404501e-16
2.65 9.14336167226e-16
2.66 9.0523836433e-16
2.67 8.96231086025e-16
2.68 8.87313431576e-16
2.69 8.78484509209e-16
2.7 8.69743436025e-16
2.71 8.61089337909e-16
2.72 8.52521349445e-16
2.73 8.44038613826e-16
2.74 8.35640282772e-16
2.75 8.27325516442e-16
2.76 8.19093483354e-16
2.77 8.10943360296e-16
2.78 8.0287433225e-16
2.79 7.94885592307e-16
2.8 7.86976341585e-16
2.81 7.79145789153e-16
2.82 7.71393151949e-16
2.83 7.63717654704e-16
2.84 7.5611852986e-16
2.85 7.48595017499e-16
2.86 7.41146365264e-16
2.87 7.33771828283e-16
2.88 7.26470669097e-16
2.89 7.19242157582e-16
2.9 7.12085570883e-16
2.91 7.05000193334e-16
2.92 6.97985316392e-16
2.93 6.91040238564e-16
2.94 6.84164265335e-16
2.95 6.77356709102e-16
2.96 6.70616889106e-16
2.97 6.63944131356e-16
2.98 6.57337768574e-16
2.99 6.50797140116e-16
3.0 6.44321591914e-16
3.01 6.37910476408e-16
3.02 6.31563152482e-16
3.03 6.25278985397e-16
3.04 6.19057346732e-16
3.05 6.12897614317e-16
3.06 6.06799172175e-16
3.07 6.00761410455e-16
3.08 5.94783725377e-16
3.09 5.88865519167e-16
3.1 5.830062e-16
3.11 5.77205181939e-16
3.12 5.71461884877e-16
3.13 5.6577573448e-16
3.14 5.60146162127e-16
3.15 5.54572604858e-16
3.16 5.49054505311e-16
3.17 5.43591311672e-16
3.18 5.38182477618e-16
3.19 5.32827462259e-16
3.2 5.27525730091e-16
3.21 5.22276750936e-16
3.22 5.17079999891e-16
3.23 5.11934957276e-16
3.24 5.06841108585e-16
3.25 5.01797944426e-16
3.26 4.9680496048e-16
3.27 4.91861657444e-16
3.28 4.86967540983e-16
3.29 4.82122121683e-16
3.3 4.77324914996e-16
3.31 4.72575441199e-16
3.32 4.6787322534e-16
3.33 4.63217797193e-16
3.34 4.58608691212e-16
3.35 4.54045446482e-16
3.36 4.49527606675e-16
3.37 4.45054720003e-16
3.38 4.40626339174e-16
3.39 4.36242021347e-16
3.4 4.31901328085e-16
3.41 4.27603825316e-16
3.42 4.23349083285e-16
3.43 4.19136676516e-16
3.44 4.14966183764e-16
3.45 4.10837187976e-16
3.46 4.06749276249e-16
3.47 4.02702039788e-16
3.48 3.98695073868e-16
3.49 3.94727977786e-16
3.5 3.90800354832e-16
3.51 3.86911812239e-16
3.52 3.83061961149e-16
3.53 3.79250416575e-16
3.54 3.75476797358e-16
3.55 3.71740726134e-16
3.56 3.68041829293e-16
3.57 3.64379736941e-16
3.58 3.60754082866e-16
3.59 3.571645045e-16
3.6 3.53610642883e-16
3.61 3.50092142624e-16
3.62 3.46608651872e-16
3.63 3.43159822273e-16
3.64 3.39745308943e-16
3.65 3.36364770426e-16
3.66 3.33017868667e-16
3.67 3.29704268972e-16
3.68 3.26423639979e-16
3.69 3.23175653623e-16
3.7 3.199599851e-16
3.71 3.16776312843e-16
3.72 3.13624318481e-16
3.73 3.10503686813e-16
3.74 3.07414105771e-16
3.75 3.04355266397e-16
3.76 3.01326862803e-16
3.77 2.98328592146e-16
3.78 2.95360154597e-16
3.79 2.92421253309e-16
3.8 2.89511594391e-16
3.81 2.86630886873e-16
3.82 2.83778842683e-16
3.83 2.80955176614e-16
3.84 2.78159606296e-16
3.85 2.75391852171e-16
3.86 2.72651637461e-16
3.87 2.69938688141e-16
3.88 2.67252732915e-16
3.89 2.64593503186e-16
3.9 2.61960733027e-16
3.91 2.5935415916e-16
3.92 2.56773520924e-16
3.93 2.54218560255e-16
3.94 2.51689021654e-16
3.95 2.49184652164e-16
3.96 2.46705201348e-16
3.97 2.44250421257e-16
3.98 2.41820066412e-16
3.99 2.39413893775e-16
4.0 2.37031662727e-16
4.01 2.34673135043e-16
4.02 2.32338074868e-16
4.03 2.30026248694e-16
4.04 2.27737425336e-16
4.05 2.25471375911e-16
4.06 2.23227873811e-16
4.07 2.21006694685e-16
4.08 2.18807616412e-16
4.09 2.16630419084e-16
4.1 2.14474884978e-16
4.11 2.12340798539e-16
4.12 2.10227946356e-16
4.13 2.08136117144e-16
4.14 2.06065101717e-16
4.15 2.04014692972e-16
4.16 2.01984685866e-16
4.17 1.99974877397e-16
4.18 1.97985066582e-16
4.19 1.96015054439e-16
4.2 1.94064643965e-16
4.21 1.92133640117e-16
4.22 1.90221849793e-16
4.23 1.88329081813e-16
4.24 1.86455146897e-16
4.25 1.84599857652e-16
4.26 1.82763028546e-16
4.27 1.80944475896e-16
4.28 1.79144017844e-16
4.29 1.77361474343e-16
4.3 1.75596667137e-16
4.31 1.73849419745e-16
4.32 1.72119557439e-16
4.33 1.70406907232e-16
4.34 1.68711297858e-16
4.35 1.67032559755e-16
4.36 1.65370525047e-16
4.37 1.63725027529e-16
4.38 1.6209590265e-16
4.39 1.60482987497e-16
4.4 1.58886120776e-16
4.41 1.57305142799e-16
4.42 1.55739895468e-16
4.43 1.54190222257e-16
4.44 1.52655968196e-16
4.45 1.51136979859e-16
4.46 1.49633105346e-16
4.47 1.48144194268e-16
4.48 1.46670097733e-16
4.49 1.45210668331e-16
4.5 1.43765760116e-16
4.51 1.42335228597e-16
4.52 1.40918930719e-16
4.53 1.39516724852e-16
4.54 1.38128470774e-16
4.55 1.36754029658e-16
4.56 1.35393264059e-16
4.57 1.34046037899e-16
4.58 1.32712216454e-16
4.59 1.31391666342e-16
4.6 1.30084255506e-16
4.61 1.28789853204e-16
4.62 1.27508329995e-16
4.63 1.26239557725e-16
4.64 1.24983409516e-16
4.65 1.23739759752e-16
4.66 1.22508484068e-16
4.67 1.21289459333e-16
4.68 1.20082563646e-16
4.69 1.18887676316e-16
4.7 1.17704677852e-16
4.71 1.16533449954e-16
4.72 1.15373875498e-16
4.73 1.14225838526e-16
4.74 1.13089224233e-16
4.75 1.11963918956e-16
4.76 1.10849810165e-16
4.77 1.09746786448e-16
4.78 1.086547375e-16
4.79 1.07573554117e-16
4.8 1.06503128179e-16
4.81 1.05443352642e-16
4.82 1.04394121529e-16
4.83 1.03355329915e-16
4.84 1.0232687392e-16
4.85 1.01308650698e-16
4.86 1.00300558425e-16
4.87 9.93024962921e-17
4.88 9.83143644914e-17
4.89 9.73360642092e-17
4.9 9.63674976145e-17
4.91 9.540856785e-17
4.92 9.44591790219e-17
4.93 9.35192361904e-17
4.94 9.25886453606e-17
4.95 9.16673134725e-17
4.96 9.07551483923e-17
4.97 8.98520589026e-17
4.98 8.89579546938e-17
4.99 8.80727463546e-17
5.0 8.71963453636e-17
