-5.0 4.45731162432e-07
-4.99 4.54494011356e-07
-4.98 4.63261563125e-07
-4.97 4.72032240402e-07
-4.96 4.80805098355e-07
-4.95 4.89579914379e-07
-4.94 4.98357285312e-07
-4.93 5.07138732499e-07
-4.92 5.15926814984e-07
-4.91 5.24725251097e-07
-4.9 5.33539048582e-07
-4.89 5.42374643338e-07
-4.88 5.51240046719e-07
-4.87 5.60145001149e-07
-4.86 5.69101143652e-07
-4.85 5.78122176638e-07
-4.84 5.87224045017e-07
-4.83 5.96425118384e-07
-4.82 6.05746376672e-07
-4.81 6.15211597244e-07
-4.8 6.24847540947e-07
-4.79 6.34684134208e-07
-4.78 6.44754643705e-07
-4.77 6.55095839732e-07
-4.76 6.65748143856e-07
-4.75 6.7675575611e-07
-4.74 6.88166756668e-07
-4.73 7.00033176756e-07
-4.72 7.12411033636e-07
-4.71 7.25360324727e-07
-4.7 7.38944976451e-07
-4.69 7.53232744226e-07
-4.68 7.6829506117e-07
-4.67 7.84206834466e-07
-4.66 8.01046190072e-07
-4.65 8.18894168303e-07
-4.64 8.37834374822e-07
-4.63 8.57952593519e-07
-4.62 8.79336369564e-07
-4.61 9.02074572467e-07
-4.6 9.26256950027e-07
-4.59 9.5197368466e-07
-4.58 9.7931496358e-07
-4.57 1.00837057367e-06
-4.56 1.03922953076e-06
-4.55 1.07197975123e-06
-4.54 1.10670777214e-06
-4.53 1.14349852345e-06
-4.52 1.18243515411e-06
-4.51 1.22359891119e-06
-4.5 1.26706906978e-06
-4.49 1.31292290931e-06
-4.48 1.36123573124e-06
-4.47 1.41208091182e-06
-4.46 1.46552998363e-06
-4.45 1.52165273927e-06
-4.44 1.58051735101e-06
-4.43 1.64219050049e-06
-4.42 1.70673751351e-06
-4.41 1.77422249533e-06
-4.4 1.84470846284e-06
-4.39 1.91825747077e-06
-4.38 1.99493072967e-06
-4.37 2.07478871418e-06
-4.36 2.15789126057e-06
-4.35 2.24429765301e-06
-4.34 2.33406669864e-06
-4.33 2.42725679151e-06
-4.32 2.52392596589e-06
-4.31 2.62413193969e-06
-4.3 2.7279321487e-06
-4.29 2.83538377261e-06
-4.28 2.94654375359e-06
-4.27 3.06146880856e-06
-4.26 3.18021543607e-06
-4.25 3.30283991859e-06
-4.24 3.42939832135e-06
-4.23 3.55994648851e-06
-4.22 3.69454003756e-06
-4.21 3.83323435281e-06
-4.2 3.97608457873e-06
-4.19 4.12314561408e-06
-4.18 4.27447210739e-06
-4.17 4.43011845471e-06
-4.16 4.59013880029e-06
-4.15 4.75458704094e-06
-4.14 4.9235168348e-06
-4.13 5.09698161515e-06
-4.12 5.27503461018e-06
-4.11 5.4577288692e-06
-4.1 5.64511729623e-06
-4.09 5.83725269162e-06
-4.08 6.03418780247e-06
-4.07 6.23597538265e-06
-4.06 6.44266826326e-06
-4.05 6.65431943427e-06
-4.04 6.87098213824e-06
-4.03 7.09270997703e-06
-4.02 7.31955703225e-06
-4.01 7.55157800058e-06
-4.0 7.78882834476e-06
-3.99 8.03136446118e-06
-3.98 8.27924386525e-06
-3.97 8.53252539536e-06
-3.96 8.7912694366e-06
-3.95 9.05553816523e-06
-3.94 9.32539581487e-06
-3.93 9.60090896575e-06
-3.92 9.88214685771e-06
-3.91 1.01691817283e-05
-3.9 1.04620891771e-05
-3.89 1.07609485567e-05
-3.88 1.10658433922e-05
-3.87 1.13768618297e-05
-3.86 1.16940971146e-05
-3.85 1.20176481009e-05
-3.84 1.23476197923e-05
-3.83 1.26841239151e-05
-3.82 1.30272795244e-05
-3.81 1.3377213644e-05
-3.8 1.37340619389e-05
-3.79 1.4097969423e-05
-3.78 1.44690911997e-05
-3.77 1.48475932363e-05
-3.76 1.52336531715e-05
-3.75 1.56274611553e-05
-3.74 1.60292207203e-05
-3.73 1.64391496833e-05
-3.72 1.68574810744e-05
-3.71 1.72844640939e-05
-3.7 1.77203650921e-05
-3.69 1.8165468571e-05
-3.68 1.86200782038e-05
-3.67 1.90845178694e-05
-3.66 1.95591326972e-05
-3.65 2.00442901172e-05
-3.64 2.05403809127e-05
-3.63 2.10478202669e-05
-3.62 2.15670488011e-05
-3.61 2.20985335957e-05
-3.6 2.2642769188e-05
-3.59 2.32002785415e-05
-3.58 2.37716139769e-05
-3.57 2.43573580594e-05
-3.56 2.49581244338e-05
-3.55 2.55745586001e-05
-3.54 2.6207338621e-05
-3.53 2.68571757553e-05
-3.52 2.75248150082e-05
-3.51 2.82110355924e-05
-3.5 2.89166512925e-05
-3.49 2.96425107278e-05
-3.48 3.03894975059e-05
-3.47 3.11585302644e-05
-3.46 3.19505625953e-05
-3.45 3.27665828491e-05
-3.44 3.36076138169e-05
-3.43 3.44747122895e-05
-3.42 3.53689684925e-05
-3.41 3.62915053994e-05
-3.4 3.72434779247e-05
-3.39 3.82260719997e-05
-3.38 3.92405035354e-05
-3.37 4.02880172784e-05
-3.36 4.13698855649e-05
-3.35 4.24874069797e-05
-3.34 4.36419049287e-05
-3.33 4.48347261311e-05
-3.32 4.60672390414e-05
-3.31 4.73408322084e-05
-3.3 4.86569125807e-05
-3.29 5.00169037666e-05
-3.28 5.14222442567e-05
-3.27 5.28743856182e-05
-3.26 5.43747906667e-05
-3.25 5.59249316244e-05
-3.24 5.75262882687e-05
-3.23 5.91803460794e-05
-3.22 6.08885943873e-05
-3.21 6.26525245296e-05
-3.2 6.44736280143e-05
-3.19 6.63533946972e-05
-3.18 6.8293310973e-05
-3.17 7.0294857981e-05
-3.16 7.2359509827e-05
-3.15 7.448873182e-05
-3.14 7.66839787247e-05
-3.13 7.89466930263e-05
-3.12 8.12783032093e-05
-3.11 8.36802220455e-05
-3.1 8.61538448914e-05
-3.09 8.87005479919e-05
-3.08 9.13216867881e-05
-3.07 9.40185942276e-05
-3.06 9.67925790743e-05
-3.05 9.96449242168e-05
-3.04 0.000102576884972
-3.03 0.000105589687383
-3.02 0.000108684526511
-3.01 0.000111862564718
-3.0 0.000115124929937
-2.99 0.000118472713937
-2.98 0.000121906970576
-2.97 0.000125428714038
-2.96 0.000129038917069
-2.95 0.000132738509192
-2.94 0.000136528374921
-2.93 0.000140409351963
-2.92 0.000144382229414
-2.91 0.000148447745951
-2.9 0.000152606588017
-2.89 0.000156859388009
-2.88 0.000161206722466
-2.87 0.00016564911026
-2.86 0.000170187010796
-2.85 0.000174820822223
-2.84 0.000179550879654
-2.83 0.000184377453405
-2.82 0.000189300747261
-2.81 0.000194320896755
-2.8 0.000199437967487
-2.79 0.000204651953467
-2.78 0.000209962775498
-2.77 0.000215370279602
-2.76 0.000220874235492
-2.75 0.000226474335085
-2.74 0.000232170191084
-2.73 0.000237961335606
-2.72 0.000243847218883
-2.71 0.000249827208026
-2.7 0.000255900585861
-2.69 0.000262066549847
-2.68 0.000268324211074
-2.67 0.000274672593345
-2.66 0.000281110632352
-2.65 0.000287637174946
-2.64 0.000294250978505
-2.63 0.000300950710409
-2.62 0.000307734947617
-2.61 0.000314602176364
-2.6 0.000321550791964
-2.59 0.000328579098739
-2.58 0.000335685310062
-2.57 0.000342867548539
-2.56 0.0003501238463
-2.55 0.000357452145442
-2.54 0.000364850298588
-2.53 0.000372316069589
-2.52 0.000379847134368
-2.51 0.000387441081897
-2.5 0.000395095415312
-2.49 0.000402807553182
-2.48 0.000410574830906
-2.47 0.000418394502263
-2.46 0.000426263741105
-2.45 0.000434179643181
-2.44 0.000442139228122
-2.43 0.000450139441552
-2.42 0.000458177157341
-2.41 0.00046624918001
-2.4 0.000474352247248
-2.39 0.000482483032588
-2.38 0.000490638148195
-2.37 0.000498814147792
-2.36 0.000507007529705
-2.35 0.000515214740033
-2.34 0.000523432175927
-2.33 0.000531656188986
-2.32 0.000539883088761
-2.31 0.000548109146348
-2.3 0.000556330598092
-2.29 0.00056454364937
-2.28 0.000572744478457
-2.27 0.000580929240473
-2.26 0.000589094071397
-2.25 0.000597235092142
-2.24 0.000605348412688
-2.23 0.000613430136256
-2.22 0.000621476363531
-2.21 0.000629483196911
-2.2 0.000637446744775
-2.19 0.000645363125776
-2.18 0.000653228473135
-2.17 0.000661038938932
-2.16 0.000668790698394
-2.15 0.000676479954155
-2.14 0.000684102940496
-2.13 0.000691655927551
-2.12 0.000699135225458
-2.11 0.000706537188471
-2.1 0.000713858219006
-2.09 0.000721094771614
-2.08 0.000728243356885
-2.07 0.000735300545266
-2.06 0.000742262970779
-2.05 0.000749127334654
-2.04 0.000755890408844
-2.03 0.000762549039433
-2.02 0.000769100149922
-2.01 0.00077554074439
-2.0 0.000781867910524
-1.99 0.000788078822514
-1.98 0.000794170743801
-1.97 0.000800141029681
-1.96 0.000805987129764
-1.95 0.000811706590262
-1.94 0.000817297056141
-1.93 0.000822756273087
-1.92 0.000828082089332
-1.91 0.000833272457294
-1.9 0.000838325435061
-1.89 0.000843239187699
-1.88 0.000848011988397
-1.87 0.000852642219434
-1.86 0.000857128372977
-1.85 0.000861469051715
-1.84 0.000865662969315
-1.83 0.000869708950717
-1.82 0.000873605932257
-1.81 0.000877352961631
-1.8 0.000880949197693
-1.79 0.000884393910097
-1.78 0.000887686478781
-1.77 0.000890826393299
-1.76 0.000893813252004
-1.75 0.00089664676109
-1.74 0.000899326733489
-1.73 0.000901853087635
-1.72 0.000904225846097
-1.71 0.000906445134084
-1.7 0.000908511177839
-1.69 0.000910424302904
-1.68 0.000912184932284
-1.67 0.000913793584512
-1.66 0.000915250871605
-1.65 0.000916557496938
-1.64 0.000917714253027
-1.63 0.000918722019236
-1.62 0.000919581759406
-1.61 0.000920294519423
-1.6 0.000920861424719
-1.59 0.000921283677723
-1.58 0.000921562555257
-1.57 0.000921699405895
-1.56 0.000921695647281
-1.55 0.00092155276342
-1.54 0.000921272301936
-1.53 0.000920855871319
-1.52 0.000920305138152
-1.51 0.000919621824332
-1.5 0.000918807704281
-1.49 0.000917864602169
-1.48 0.000916794389135
-1.47 0.000915598980519
-1.46 0.000914280333116
-1.45 0.000912840442439
-1.44 0.000911281340017
-1.43 0.000909605090715
-1.42 0.000907813790082
-1.41 0.000905909561746
-1.4 0.00090389455483
-1.39 0.000901770941429
-1.38 0.000899540914114
-1.37 0.000897206683495
-1.36 0.000894770475826
-1.35 0.000892234530669
-1.34 0.000889601098604
-1.33 0.000886872439003
-1.32 0.000884050817855
-1.31 0.000881138505655
-1.3 0.000878137775348
-1.29 0.000875050900342
-1.28 0.000871880152578
-1.27 0.000868627800661
-1.26 0.000865296108068
-1.25 0.000861887331401
-1.24 0.000858403718723
-1.23 0.000854847507948
-1.22 0.000851220925301
-1.21 0.000847526183838
-1.2 0.000843765482039
-1.19 0.000839941002457
-1.18 0.000836054910436
-1.17 0.000832109352889
-1.16 0.000828106457143
-1.15 0.000824048329843
-1.14 0.000819937055918
-1.13 0.000815774697605
-1.12 0.000811563293535
-1.11 0.000807304857879
-1.1 0.000803001379545
-1.09 0.000798654821437
-1.08 0.000794267119764
-1.07 0.000789840183403
-1.06 0.000785375893322
-1.05 0.000780876102037
-1.04 0.000776342633137
-1.03 0.000771777280845
-1.02 0.000767181809628
-1.01 0.000762557953853
-1.0 0.000757907417488
-0.99 0.000753231873842
-0.98 0.000748532965348
-0.97 0.000743812303385
-0.96 0.000739071468133
-0.95 0.000734312008477
-0.94 0.000729535441928
-0.93 0.000724743254593
-0.92 0.000719936901167
-0.91 0.000715117804962
-0.9 0.000710287357962
-0.89 0.000705446920904
-0.88 0.00070059782339
-0.87 0.000695741364022
-0.86 0.00069087881056
-0.85 0.000686011400102
-0.84 0.00068114033929
-0.83 0.000676266804532
-0.82 0.00067139194224
-0.81 0.000666516869095
-0.8 0.00066164267232
-0.79 0.000656770409972
-0.78 0.00065190111125
-0.77 0.000647035776814
-0.76 0.000642175379114
-0.75 0.000637320862741
-0.74 0.000632473144775
-0.73 0.000627633115151
-0.72 0.000622801637033
-0.71 0.000617979547193
-0.7 0.000613167656401
-0.69 0.000608366749817
-0.68 0.000603577587394
-0.67 0.00059880090428
-0.66 0.000594037411228
-0.65 0.000589287795011
-0.64 0.000584552718835
-0.63 0.000579832822758
-0.62 0.00057512872411
-0.61 0.000570441017915
-0.6 0.000565770277312
-0.59 0.000561117053978
-0.58 0.00055648187855
-0.57 0.000551865261043
-0.56 0.000547267691277
-0.55 0.000542689639291
-0.54 0.000538131555761
-0.53 0.000533593872415
-0.52 0.000529077002446
-0.51 0.000524581340923
-0.5 0.000520107265193
-0.49 0.000515655135289
-0.48 0.00051122529433
-0.47 0.00050681806891
-0.46 0.000502433769499
-0.45 0.000498072690825
-0.44 0.000493735112257
-0.43 0.000489421298188
-0.42 0.000485131498405
-0.41 0.000480865948457
-0.4 0.000476624870025
-0.39 0.000472408471275
-0.38 0.000468216947216
-0.37 0.000464050480044
-0.36 0.000459909239493
-0.35 0.000455793383162
-0.34 0.000451703056857
-0.33 0.000447638394914
-0.32 0.000443599520518
-0.31 0.000439586546024
-0.3 0.000435599573262
-0.29 0.000431638693844
-0.28 0.000427703989463
-0.27 0.000423795532185
-0.26 0.000419913384739
-0.25 0.000416057600796
-0.24 0.000412228225248
-0.23 0.000408425294476
-0.22 0.000404648836619
-0.21 0.000400898871832
-0.2 0.000397175412539
-0.19 0.000393478463686
-0.18 0.00038980802298
-0.17 0.000386164081132
-0.16 0.000382546622086
-0.15 0.000378955623249
-0.14 0.000375391055714
-0.13 0.000371852884477
-0.12 0.000368341068649
-0.11 0.000364855561667
-0.1 0.00036139631149
-0.0900000000001 0.000357963260805
-0.0800000000001 0.000354556347215
-0.0700000000001 0.000351175503428
-0.0600000000001 0.000347820657444
-0.0500000000001 0.000344491732729
-0.0400000000001 0.000341188648397
-0.0300000000001 0.000337911319374
-0.0200000000001 0.000334659656569
-0.0100000000001 0.00033143356703
0.0 0.00032823295411
0.00999999999994 0.000325057717613
0.0199999999999 0.00032190775395
0.0299999999999 0.000318782956278
0.0399999999999 0.00031568321465
0.0499999999999 0.000312608416144
0.0599999999999 0.000309558445007
0.0699999999999 0.000306533182777
0.0799999999999 0.000303532508415
0.0899999999999 0.00030055629843
0.0999999999999 0.000297604426994
0.11 0.000294676766063
0.12 0.000291773185492
0.13 0.000288893553139
0.14 0.00028603773498
0.15 0.000283205595209
0.16 0.000280396996339
0.17 0.000277611799303
0.18 0.000274849863547
0.19 0.000272111047125
0.2 0.000269395206788
0.21 0.00026670219807
0.22 0.000264031875376
0.23 0.000261384092062
0.24 0.000258758700515
0.25 0.000256155552231
0.26 0.000253574497891
0.27 0.000251015387431
0.28 0.000248478070118
0.29 0.00024596239461
0.3 0.000243468209032
0.31 0.000240995361033
0.32 0.000238543697852
0.33 0.000236113066377
0.34 0.000233703313203
0.35 0.000231314284693
0.36 0.000228945827024
0.37 0.00022659778625
0.38 0.000224270008348
0.39 0.000221962339268
0.4 0.000219674624983
0.41 0.000217406711532
0.42 0.000215158445073
0.43 0.000212929671916
0.44 0.000210720238576
0.45 0.000208529991804
0.46 0.000206358778635
0.47 0.000204206446422
0.48 0.000202072842871
0.49 0.000199957816084
0.5 0.000197861214585
0.51 0.00019578288736
0.52 0.000193722683886
0.53 0.000191680454164
0.54 0.000189656048749
0.55 0.000187649318776
0.56 0.000185660115995
0.57 0.000183688292791
0.58 0.000181733702217
0.59 0.000179796198012
0.6 0.000177875634635
0.61 0.000175971867281
0.62 0.000174084751906
0.63 0.000172214145252
0.64 0.000170359904865
0.65 0.00016852188912
0.66 0.000166699957235
0.67 0.000164893969295
0.68 0.00016310378627
0.69 0.000161329270033
0.7 0.000159570283375
0.71 0.000157826690026
0.72 0.000156098354667
0.73 0.00015438514295
0.74 0.000152686921509
0.75 0.000151003557977
0.76 0.000149334921001
0.77 0.000147680880253
0.78 0.000146041306446
0.79 0.000144416071343
0.8 0.000142805047773
0.81 0.00014120810964
0.82 0.000139625131937
0.83 0.000138055990756
0.84 0.000136500563294
0.85 0.000134958727872
0.86 0.000133430363938
0.87 0.000131915352076
0.88 0.000130413574022
0.89 0.000128924912664
0.9 0.000127449252055
0.91 0.000125986477421
0.92 0.000124536475166
0.93 0.000123099132884
0.94 0.000121674339359
0.95 0.000120261984578
0.96 0.000118861959733
0.97 0.000117474157229
0.98 0.00011609847069
0.99 0.00011473479496
1.0 0.000113383026116
1.01 0.000112043061463
1.02 0.000110714799545
1.03 0.000109398140149
1.04 0.000108092984302
1.05 0.000106799234281
1.06 0.000105516793615
1.07 0.000104245567085
1.08 0.000102985460725
1.09 0.000101736381831
1.1 0.000100498238954
1.11 9.92709419058e-05
1.12 9.805440176e-05
1.13 9.68485308504e-05
1.14 9.56532427721e-05
1.15 9.44684523809e-05
1.16 9.32940757928e-05
1.17 9.21300303824e-05
1.18 9.09762347817e-05
1.19 8.98326088778e-05
1.2 8.86990738107e-05
1.21 8.75755519702e-05
1.22 8.64619669926e-05
1.23 8.53582437571e-05
1.24 8.42643083812e-05
1.25 8.31800882163e-05
1.26 8.2105511842e-05
1.27 8.10405090611e-05
1.28 7.99850108924e-05
1.29 7.89389495646e-05
1.3 7.7902258509e-05
1.31 7.6874872351e-05
1.32 7.58567269024e-05
1.33 7.48477591523e-05
1.34 7.38479072571e-05
1.35 7.28571105311e-05
1.36 7.18753094351e-05
1.37 7.09024455657e-05
1.38 6.99384616431e-05
1.39 6.89833014984e-05
1.4 6.80369100612e-05
1.41 6.7099233345e-05
1.42 6.61702184334e-05
1.43 6.52498134649e-05
1.44 6.43379676173e-05
1.45 6.34346310915e-05
1.46 6.25397550944e-05
1.47 6.16532918215e-05
1.48 6.07751944388e-05
1.49 5.99054170638e-05
1.5 5.90439147461e-05
1.51 5.81906434473e-05
1.52 5.73455600203e-05
1.53 5.6508622188e-05
1.54 5.56797885212e-05
1.55 5.48590184159e-05
1.56 5.40462720709e-05
1.57 5.32415104628e-05
1.58 5.24446953229e-05
1.59 5.16557891114e-05
1.6 5.08747549925e-05
1.61 5.01015568082e-05
1.62 4.93361590519e-05
1.63 4.85785268414e-05
1.64 4.78286258915e-05
1.65 4.70864224861e-05
1.66 4.63518834499e-05
1.67 4.56249761196e-05
1.68 4.4905668315e-05
1.69 4.41939283094e-05
1.7 4.34897248e-05
1.71 4.27930268781e-05
1.72 4.21038039981e-05
1.73 4.14220259479e-05
1.74 4.07476628177e-05
1.75 4.00806849695e-05
1.76 3.94210630058e-05
1.77 3.87687677391e-05
1.78 3.81237701605e-05
1.79 3.74860414091e-05
1.8 3.68555527406e-05
1.81 3.62322754968e-05
1.82 3.56161810746e-05
1.83 3.50072408959e-05
1.84 3.44054263767e-05
1.85 3.38107088976e-05
1.86 3.32230597737e-05
1.87 3.26424502252e-05
1.88 3.20688513488e-05
1.89 3.15022340886e-05
1.9 3.09425692085e-05
1.91 3.03898272643e-05
1.92 2.98439785771e-05
1.93 2.93049932064e-05
1.94 2.8772840925e-05
1.95 2.82474911936e-05
1.96 2.77289131368e-05
1.97 2.72170755191e-05
1.98 2.67119467229e-05
1.99 2.62134947261e-05
2.0 2.57216870813e-05
2.01 2.5236490896e-05
2.02 2.47578728132e-05
2.03 2.42857989932e-05
2.04 2.3820235097e-05
2.05 2.33611462696e-05
2.06 2.29084971253e-05
2.07 2.2462251734e-05
2.08 2.20223736077e-05
2.09 2.15888256894e-05
2.1 2.11615703422e-05
2.11 2.074056934e-05
2.12 2.0325783859e-05
2.13 1.99171744709e-05
2.14 1.95147011369e-05
2.15 1.91183232027e-05
2.16 1.87279993952e-05
2.17 1.83436878201e-05
2.18 1.79653459606e-05
2.19 1.75929306774e-05
2.2 1.72263982099e-05
2.21 1.68657041786e-05
2.22 1.65108035883e-05
2.23 1.61616508328e-05
2.24 1.58181997008e-05
2.25 1.54804033825e-05
2.26 1.51482144773e-05
2.27 1.48215850033e-05
2.28 1.45004664066e-05
2.29 1.41848095729e-05
2.3 1.38745648389e-05
2.31 1.35696820054e-05
2.32 1.32701103514e-05
2.33 1.29757986481e-05
2.34 1.26866951752e-05
2.35 1.24027477368e-05
2.36 1.21239036783e-05
2.37 1.1850109905e-05
2.38 1.15813128998e-05
2.39 1.1317458743e-05
2.4 1.10584931317e-05
2.41 1.08043614007e-05
2.42 1.05550085427e-05
2.43 1.03103792305e-05
2.44 1.00704178382e-05
2.45 9.83506846393e-06
2.46 9.60427495222e-06
2.47 9.37798091702e-06
2.48 9.15612976493e-06
2.49 8.93866471865e-06
2.5 8.72552884062e-06
2.51 8.51666505684e-06
2.52 8.31201618077e-06
2.53 8.11152493728e-06
2.54 7.91513398671e-06
2.55 7.72278594881e-06
2.56 7.53442342672e-06
2.57 7.34998903083e-06
2.58 7.16942540249e-06
2.59 6.99267523763e-06
2.6 6.8196813101e-06
2.61 6.65038649488e-06
2.62 6.48473379093e-06
2.63 6.32266634387e-06
2.64 6.16412746822e-06
2.65 6.00906066937e-06
2.66 5.8574096652e-06
2.67 5.70911840718e-06
2.68 5.56413110122e-06
2.69 5.42239222789e-06
2.7 5.28384656237e-06
2.71 5.14843919372e-06
2.72 5.0161155438e-06
2.73 4.88682138555e-06
2.74 4.76050286087e-06
2.75 4.63710649777e-06
2.76 4.51657922713e-06
2.77 4.39886839875e-06
2.78 4.28392179692e-06
2.79 4.1716876553e-06
2.8 4.06211467129e-06
2.81 3.95515201969e-06
2.82 3.85074936583e-06
2.83 3.74885687809e-06
2.84 3.64942523966e-06
2.85 3.5524056599e-06
2.86 3.45774988486e-06
2.87 3.36541020736e-06
2.88 3.2753394763e-06
2.89 3.18749110546e-06
2.9 3.10181908163e-06
2.91 3.01827797218e-06
2.92 2.93682293197e-06
2.93 2.85740970967e-06
2.94 2.77999465359e-06
2.95 2.70453471675e-06
2.96 2.63098746157e-06
2.97 2.55931106384e-06
2.98 2.48946431623e-06
2.99 2.42140663122e-06
3.0 2.3550980435e-06
3.01 2.29049921187e-06
3.02 2.2275714206e-06
3.03 2.16627658034e-06
3.04 2.10657722844e-06
3.05 2.04843652899e-06
3.06 1.99181827217e-06
3.07 1.93668687338e-06
3.08 1.88300737174e-06
3.09 1.83074542836e-06
3.1 1.77986732405e-06
3.11 1.73033995673e-06
3.12 1.68213083847e-06
3.13 1.63520809214e-06
3.14 1.5895404477e-06
3.15 1.54509723825e-06
3.16 1.50184839564e-06
3.17 1.45976444588e-06
3.18 1.41881650424e-06
3.19 1.37897627004e-06
3.2 1.34021602125e-06
3.21 1.30250860875e-06
3.22 1.26582745052e-06
3.23 1.2301465254e-06
3.24 1.19544036689e-06
3.25 1.16168405654e-06
3.26 1.12885321732e-06
3.27 1.09692400677e-06
3.28 1.06587310998e-06
3.29 1.03567773251e-06
3.3 1.00631559309e-06
3.31 9.77764916278e-07
3.32 9.50004425001e-07
3.33 9.2301333299e-07
3.34 8.96771337157e-07
3.35 8.71258609899e-07
3.36 8.4645579134e-07
3.37 8.22343981538e-07
3.38 7.98904732643e-07
3.39 7.76120041037e-07
3.4 7.53972339455e-07
3.41 7.32444489091e-07
3.42 7.11519771706e-07
3.43 6.91181881751e-07
3.44 6.71414918492e-07
3.45 6.52203378168e-07
3.46 6.33532146169e-07
3.47 6.15386489265e-07
3.48 5.97752047858e-07
3.49 5.80614828302e-07
3.5 5.63961195264e-07
3.51 5.47777864153e-07
3.52 5.32051893609e-07
3.53 5.16770678067e-07
3.54 5.01921940388e-07
3.55 4.87493724579e-07
3.56 4.73474388587e-07
3.57 4.59852597183e-07
3.58 4.46617314935e-07
3.59 4.33757799273e-07
3.6 4.21263593652e-07
3.61 4.09124520807e-07
3.62 3.97330676118e-07
3.63 3.85872421067e-07
3.64 3.74740376807e-07
3.65 3.63925417831e-07
3.66 3.53418665752e-07
3.67 3.43211483191e-07
3.68 3.33295467772e-07
3.69 3.23662446228e-07
3.7 3.14304468616e-07
3.71 3.0521380265e-07
3.72 2.96382928132e-07
3.73 2.87804531508e-07
3.74 2.79471500524e-07
3.75 2.71376919002e-07
3.76 2.63514061719e-07
3.77 2.55876389398e-07
3.78 2.48457543812e-07
3.79 2.41251342992e-07
3.8 2.34251776544e-07
3.81 2.27453001072e-07
3.82 2.20849335712e-07
3.83 2.14435257759e-07
3.84 2.0820539841e-07
3.85 2.02154538599e-07
3.86 1.96277604942e-07
3.87 1.90569665769e-07
3.88 1.85025927269e-07
3.89 1.79641729714e-07
3.9 1.74412543795e-07
3.91 1.69333967037e-07
3.92 1.64401720314e-07
3.93 1.59611644448e-07
3.94 1.54959696903e-07
3.95 1.50441948559e-07
3.96 1.46054580571e-07
3.97 1.41793881318e-07
3.98 1.37656243424e-07
3.99 1.33638160864e-07
4.0 1.29736226146e-07
4.01 1.25947127572e-07
4.02 1.22267646566e-07
4.03 1.18694655083e-07
4.04 1.15225113084e-07
4.05 1.11856066082e-07
4.06 1.08584642752e-07
4.07 1.05408052615e-07
4.08 1.02323583773e-07
4.09 9.93286007244e-08
4.1 9.64205422199e-08
4.11 9.35969191958e-08
4.12 9.08553127539e-08
4.13 8.81933722027e-08
4.14 8.56088131515e-08
4.15 8.30994156584e-08
4.16 8.06630224306e-08
4.17 7.82975370742e-08
4.18 7.60009223942e-08
4.19 7.37711987412e-08
4.2 7.16064424052e-08
4.21 6.95047840544e-08
4.22 6.74644072176e-08
4.23 6.54835468093e-08
4.24 6.35604876964e-08
4.25 6.16935633049e-08
4.26 5.98811542654e-08
4.27 5.81216870976e-08
4.28 5.64136329303e-08
4.29 5.47555062581e-08
4.3 5.31458637327e-08
4.31 5.1583302988e-08
4.32 5.00664614976e-08
4.33 4.85940154646e-08
4.34 4.71646787424e-08
4.35 4.57772017852e-08
4.36 4.44303706276e-08
4.37 4.31230058933e-08
4.38 4.185396183e-08
4.39 4.06221253726e-08
4.4 3.94264152307e-08
4.41 3.82657810029e-08
4.42 3.71392023142e-08
4.43 3.60456879781e-08
4.44 3.49842751816e-08
4.45 3.39540286922e-08
4.46 3.29540400872e-08
4.47 3.1983427004e-08
4.48 3.10413324112e-08
4.49 3.0126923899e-08
4.5 2.923939299e-08
4.51 2.83779544684e-08
4.52 2.75418457271e-08
4.53 2.67303261339e-08
4.54 2.59426764135e-08
4.55 2.51781980477e-08
4.56 2.44362126914e-08
4.57 2.37160616043e-08
4.58 2.30171050989e-08
4.59 2.23387220025e-08
4.6 2.16803091352e-08
4.61 2.10412808008e-08
4.62 2.04210682928e-08
4.63 1.98191194131e-08
4.64 1.92348980039e-08
4.65 1.86678834931e-08
4.66 1.81175704512e-08
4.67 1.7583468161e-08
4.68 1.70651001988e-08
4.69 1.6562004027e-08
4.7 1.60737305982e-08
4.71 1.55998439699e-08
4.72 1.51399209297e-08
4.73 1.46935506312e-08
4.74 1.42603342395e-08
4.75 1.38398845866e-08
4.76 1.34318258367e-08
4.77 1.303579316e-08
4.78 1.26514324161e-08
4.79 1.22783998461e-08
4.8 1.19163617731e-08
4.81 1.15649943108e-08
4.82 1.1223983081e-08
4.83 1.08930229379e-08
4.84 1.05718177011e-08
4.85 1.02600798953e-08
4.86 9.9575304976e-09
4.87 9.66389869227e-09
4.88 9.37892163155e-09
4.89 9.10234420396e-09
4.9 8.83391880873e-09
4.91 8.57340513674e-09
4.92 8.32056995767e-09
4.93 8.0751869131e-09
4.94 7.83703631557e-09
4.95 7.60590495332e-09
4.96 7.38158590058e-09
4.97 7.16387833331e-09
4.98 6.95258735018e-09
4.99 6.7475237987e-09
5.0 6.5485041063e-09
