-5.0 2.5218901768e-16
-4.99 2.49679466046e-16
-4.98 2.47194882569e-16
-4.97 2.44735018785e-16
-4.96 2.42299628708e-16
-4.95 2.39888468797e-16
-4.94 2.37501297932e-16
-4.93 2.35137877396e-16
-4.92 2.32797970844e-16
-4.91 2.30481344284e-16
-4.9 2.2818776605e-16
-4.89 2.25917006784e-16
-4.88 2.23668839408e-16
-4.87 2.21443039102e-16
-4.86 2.19239383286e-16
-4.85 2.17057651591e-16
-4.84 2.14897625843e-16
-4.83 2.12759090037e-16
-4.82 2.10641830318e-16
-4.81 2.08545634958e-16
-4.8 2.06470294337e-16
-4.79 2.04415600917e-16
-4.78 2.02381349229e-16
-4.77 2.00367335846e-16
-4.76 1.98373359363e-16
-4.75 1.96399220383e-16
-4.74 1.9444472149e-16
-4.73 1.92509667231e-16
-4.72 1.90593864101e-16
-4.71 1.88697120516e-16
-4.7 1.86819246802e-16
-4.69 1.8496005517e-16
-4.68 1.83119359698e-16
-4.67 1.81296976316e-16
-4.66 1.79492722783e-16
-4.65 1.77706418674e-16
-4.64 1.75937885356e-16
-4.63 1.74186945974e-16
-4.62 1.72453425433e-16
-4.61 1.7073715038e-16
-4.6 1.69037949185e-16
-4.59 1.67355651928e-16
-4.58 1.65690090377e-16
-4.57 1.64041097974e-16
-4.56 1.62408509819e-16
-4.55 1.60792162652e-16
-4.54 1.59191894837e-16
-4.53 1.57607546346e-16
-4.52 1.56038958742e-16
-4.51 1.54485975166e-16
-4.5 1.52948440319e-16
-4.49 1.51426200444e-16
-4.48 1.49919103318e-16
-4.47 1.48426998229e-16
-4.46 1.46949735965e-16
-4.45 1.454871688e-16
-4.44 1.44039150475e-16
-4.43 1.42605536187e-16
-4.42 1.41186182574e-16
-4.41 1.39780947699e-16
-4.4 1.38389691038e-16
-4.39 1.37012273464e-16
-4.38 1.35648557234e-16
-4.37 1.34298405975e-16
-4.36 1.32961684672e-16
-4.35 1.31638259651e-16
-4.34 1.30327998568e-16
-4.33 1.29030770397e-16
-4.32 1.27746445414e-16
-4.31 1.26474895184e-16
-4.3 1.25215992553e-16
-4.29 1.23969611629e-16
-4.28 1.22735627773e-16
-4.27 1.21513917586e-16
-4.26 1.20304358895e-16
-4.25 1.19106830744e-16
-4.24 1.1792121338e-16
-4.23 1.16747388239e-16
-4.22 1.15585237939e-16
-4.21 1.14434646263e-16
-4.2 1.13295498151e-16
-4.19 1.12167679688e-16
-4.18 1.11051078091e-16
-4.17 1.099455817e-16
-4.16 1.08851079963e-16
-4.15 1.07767463431e-16
-4.14 1.06694623739e-16
-4.13 1.05632453605e-16
-4.12 1.04580846809e-16
-4.11 1.03539698192e-16
-4.1 1.02508903636e-16
-4.09 1.01488360062e-16
-4.08 1.00477965415e-16
-4.07 9.94776186554e-17
-4.06 9.84872197469e-17
-4.05 9.75066696495e-17
-4.04 9.65358703075e-17
-4.03 9.55747246404e-17
-4.02 9.4623136533e-17
-4.01 9.3681010826e-17
-4.0 9.27482533063e-17
-3.99 9.18247706975e-17
-3.98 9.09104706508e-17
-3.97 9.00052617359e-17
-3.96 8.91090534313e-17
-3.95 8.82217561157e-17
-3.94 8.73432810589e-17
-3.93 8.6473540413e-17
-3.92 8.56124472035e-17
-3.91 8.47599153207e-17
-3.9 8.39158595109e-17
-3.89 8.30801953683e-17
-3.88 8.22528393261e-17
-3.87 8.14337086483e-17
-3.86 8.06227214216e-17
-3.85 7.98197965469e-17
-3.84 7.90248537314e-17
-3.83 7.82378134806e-17
-3.82 7.74585970903e-17
-3.81 7.66871266386e-17
-3.8 7.59233249782e-17
-3.79 7.51671157287e-17
-3.78 7.44184232691e-17
-3.77 7.367717273e-17
-3.76 7.29432899862e-17
-3.75 7.22167016493e-17
-3.74 7.14973350604e-17
-3.73 7.07851182828e-17
-3.72 7.00799800948e-17
-3.71 6.93818499825e-17
-3.7 6.86906581329e-17
-3.69 6.80063354268e-17
-3.68 6.73288134321e-17
-3.67 6.66580243967e-17
-3.66 6.59939012416e-17
-3.65 6.53363775548e-17
-3.64 6.46853875841e-17
-3.63 6.40408662305e-17
-3.62 6.34027490422e-17
-3.61 6.27709722077e-17
-3.6 6.21454725497e-17
-3.59 6.15261875183e-17
-3.58 6.09130551854e-17
-3.57 6.03060142383e-17
-3.56 5.97050039731e-17
-3.55 5.91099642892e-17
-3.54 5.85208356831e-17
-3.53 5.79375592425e-17
-3.52 5.73600766403e-17
-3.51 5.67883301287e-17
-3.5 5.62222625336e-17
-3.49 5.5661817249e-17
-3.48 5.51069382309e-17
-3.47 5.45575699923e-17
-3.46 5.4013657597e-17
-3.45 5.34751466545e-17
-3.44 5.29419833146e-17
-3.43 5.24141142618e-17
-3.42 5.18914867102e-17
-3.41 5.13740483979e-17
-3.4 5.08617475822e-17
-3.39 5.0354533034e-17
-3.38 4.9852354033e-17
-3.37 4.93551603623e-17
-3.36 4.8862902304e-17
-3.35 4.83755306333e-17
-3.34 4.78929966145e-17
-3.33 4.74152519956e-17
-3.32 4.69422490035e-17
-3.31 4.64739403394e-17
-3.3 4.6010279174e-17
-3.29 4.55512191428e-17
-3.28 4.50967143415e-17
-3.27 4.46467193213e-17
-3.26 4.42011890846e-17
-3.25 4.37600790802e-17
-3.24 4.3323345199e-17
-3.23 4.28909437698e-17
-3.22 4.24628315545e-17
-3.21 4.2038965744e-17
-3.2 4.1619303954e-17
-3.19 4.12038042208e-17
-3.18 4.07924249967e-17
-3.17 4.03851251463e-17
-3.16 3.99818639424e-17
-3.15 3.95826010614e-17
-3.14 3.918729658e-17
-3.13 3.87959109704e-17
-3.12 3.84084050973e-17
-3.11 3.8024740213e-17
-3.1 3.76448779543e-17
-3.09 3.72687803384e-17
-3.08 3.68964097588e-17
-3.07 3.65277289821e-17
-3.06 3.61627011439e-17
-3.05 3.58012897452e-17
-3.04 3.54434586487e-17
-3.03 3.50891720754e-17
-3.02 3.47383946008e-17
-3.01 3.43910911515e-17
-3.0 3.40472270017e-17
-2.99 3.37067677694e-17
-2.98 3.33696794136e-17
-2.97 3.30359282304e-17
-2.96 3.27054808496e-17
-2.95 3.23783042318e-17
-2.94 3.20543656648e-17
-2.93 3.17336327603e-17
-2.92 3.14160734507e-17
-2.91 3.11016559861e-17
-2.9 3.07903489308e-17
-2.89 3.04821211606e-17
-2.88 3.01769418591e-17
-2.87 2.98747805151e-17
-2.86 2.95756069195e-17
-2.85 2.92793911622e-17
-2.84 2.89861036288e-17
-2.83 2.86957149984e-17
-2.82 2.84081962399e-17
-2.81 2.81235186096e-17
-2.8 2.7841653648e-17
-2.79 2.75625731774e-17
-2.78 2.72862492985e-17
-2.77 2.70126543882e-17
-2.76 2.67417610965e-17
-2.75 2.64735423438e-17
-2.74 2.62079713182e-17
-2.73 2.59450214731e-17
-2.72 2.56846665241e-17
-2.71 2.54268804468e-17
-2.7 2.5171637474e-17
-2.69 2.4918912093e-17
-2.68 2.46686790435e-17
-2.67 2.44209133144e-17
-2.66 2.41755901422e-17
-2.65 2.39326850076e-17
-2.64 2.36921736339e-17
-2.63 2.34540319838e-17
-2.62 2.32182362578e-17
-2.61 2.29847628911e-17
-2.6 2.27535885517e-17
-2.59 2.25246901382e-17
-2.58 2.22980447768e-17
-2.57 2.207362982e-17
-2.56 2.18514228434e-17
-2.55 2.16314016443e-17
-2.54 2.14135442389e-17
-2.53 2.11978288604e-17
-2.52 2.09842339568e-17
-2.51 2.07727381886e-17
-2.5 2.0563320427e-17
-2.49 2.03559597516e-17
-2.48 2.01506354482e-17
-2.47 1.9947327007e-17
-2.46 1.97460141205e-17
-2.45 1.95466766813e-17
-2.44 1.93492947806e-17
-2.43 1.91538487055e-17
-2.42 1.89603189376e-17
-2.41 1.87686861511e-17
-2.4 1.85789312103e-17
-2.39 1.83910351686e-17
-2.38 1.82049792657e-17
-2.37 1.80207449265e-17
-2.36 1.78383137588e-17
-2.35 1.76576675517e-17
-2.34 1.74787882737e-17
-2.33 1.73016580712e-17
-2.32 1.71262592662e-17
-2.31 1.69525743551e-17
-2.3 1.67805860066e-17
-2.29 1.66102770604e-17
-2.28 1.6441630525e-17
-2.27 1.62746295766e-17
-2.26 1.61092575568e-17
-2.25 1.59454979716e-17
-2.24 1.57833344896e-17
-2.23 1.56227509399e-17
-2.22 1.54637313114e-17
-2.21 1.53062597505e-17
-2.2 1.51503205599e-17
-2.19 1.49958981969e-17
-2.18 1.48429772723e-17
-2.17 1.46915425482e-17
-2.16 1.45415789372e-17
-2.15 1.43930715004e-17
-2.14 1.42460054465e-17
-2.13 1.41003661297e-17
-2.12 1.3956139049e-17
-2.11 1.38133098462e-17
-2.1 1.3671864305e-17
-2.09 1.35317883491e-17
-2.08 1.33930680413e-17
-2.07 1.32556895821e-17
-2.06 1.31196393082e-17
-2.05 1.29849036911e-17
-2.04 1.28514693362e-17
-2.03 1.27193229813e-17
-2.02 1.25884514952e-17
-2.01 1.24588418767e-17
-2.0 1.23304812531e-17
-1.99 1.22033568794e-17
-1.98 1.20774561365e-17
-1.97 1.19527665306e-17
-1.96 1.18292756916e-17
-1.95 1.17069713723e-17
-1.94 1.15858414468e-17
-1.93 1.14658739097e-17
-1.92 1.13470568749e-17
-1.91 1.12293785747e-17
-1.9 1.11128273581e-17
-1.89 1.09973916904e-17
-1.88 1.08830601517e-17
-1.87 1.07698214361e-17
-1.86 1.06576643506e-17
-1.85 1.05465778139e-17
-1.84 1.04365508556e-17
-1.83 1.0327572615e-17
-1.82 1.02196323405e-17
-1.81 1.0112719388e-17
-1.8 1.00068232208e-17
-1.79 9.90193340767e-18
-1.78 9.7980396227e-18
-1.77 9.695131644e-18
-1.76 9.5931993529e-18
-1.75 9.49223273302e-18
-1.74 9.39222186943e-18
-1.73 9.29315694774e-18
-1.72 9.19502825327e-18
-1.71 9.09782617021e-18
-1.7 9.00154118074e-18
-1.69 8.9061638643e-18
-1.68 8.81168489668e-18
-1.67 8.71809504932e-18
-1.66 8.62538518845e-18
-1.65 8.53354627438e-18
-1.64 8.44256936071e-18
-1.63 8.3524455936e-18
-1.62 8.26316621103e-18
-1.61 8.17472254205e-18
-1.6 8.08710600614e-18
-1.59 8.00030811244e-18
-1.58 7.91432045912e-18
-1.57 7.82913473265e-18
-1.56 7.74474270719e-18
-1.55 7.66113624392e-18
-1.54 7.57830729037e-18
-1.53 7.49624787984e-18
-1.52 7.41495013074e-18
-1.51 7.33440624604e-18
-1.5 7.25460851259e-18
-1.49 7.17554930063e-18
-1.48 7.09722106313e-18
-1.47 7.0196163353e-18
-1.46 6.94272773399e-18
-1.45 6.86654795717e-18
-1.44 6.7910697834e-18
-1.43 6.71628607128e-18
-1.42 6.642189759e-18
-1.41 6.56877386377e-18
-1.4 6.49603148137e-18
-1.39 6.42395578567e-18
-1.38 6.35254002815e-18
-1.37 6.28177753743e-18
-1.36 6.21166171882e-18
-1.35 6.14218605389e-18
-1.34 6.07334410002e-18
-1.33 6.00512948999e-18
-1.32 5.93753593155e-18
-1.31 5.870557207e-18
-1.3 5.80418717282e-18
-1.29 5.73841975925e-18
-1.28 5.67324896991e-18
-1.27 5.60866888141e-18
-1.26 5.54467364304e-18
-1.25 5.48125747629e-18
-1.24 5.41841467461e-18
-1.23 5.35613960299e-18
-1.22 5.29442669762e-18
-1.21 5.23327046558e-18
-1.2 5.17266548444e-18
-1.19 5.11260640203e-18
-1.18 5.05308793602e-18
-1.17 4.99410487363e-18
-1.16 4.93565207133e-18
-1.15 4.87772445451e-18
-1.14 4.82031701716e-18
-1.13 4.76342482158e-18
-1.12 4.70704299804e-18
-1.11 4.65116674451e-18
-1.1 4.59579132635e-18
-1.09 4.54091207597e-18
-1.08 4.48652439257e-18
-1.07 4.43262374181e-18
-1.06 4.37920565552e-18
-1.05 4.32626573139e-18
-1.04 4.27379963264e-18
-1.03 4.22180308775e-18
-1.02 4.1702718901e-18
-1.01 4.11920189769e-18
-1.0 4.06858903281e-18
-0.99 4.01842928169e-18
-0.98 3.96871869421e-18
-0.97 3.91945338351e-18
-0.96 3.87062952571e-18
-0.95 3.82224335947e-18
-0.94 3.77429118574e-18
-0.93 3.72676936729e-18
-0.92 3.67967432838e-18
-0.91 3.6330025544e-18
-0.9 3.58675059139e-18
-0.89 3.54091504572e-18
-0.88 3.49549258361e-18
-0.87 3.4504799307e-18
-0.86 3.40587387163e-18
-0.85 3.36167124957e-18
-0.84 3.31786896571e-18
-0.83 3.27446397881e-18
-0.82 3.23145330469e-18
-0.81 3.18883401566e-18
-0.8 3.14660324003e-18
-0.79 3.10475816154e-18
-0.78 3.06329601874e-18
-0.77 3.02221410445e-18
-0.76 2.98150976511e-18
-0.75 2.94118040015e-18
-0.74 2.90122346134e-18
-0.73 2.8616364521e-18
-0.72 2.8224169268e-18
-0.71 2.78356249004e-18
-0.7 2.74507079591e-18
-0.69 2.70693954721e-18
-0.68 2.66916649468e-18
-0.67 2.63174943616e-18
-0.66 2.59468621577e-18
-0.65 2.55797472303e-18
-0.64 2.52161289199e-18
-0.63 2.48559870032e-18
-0.62 2.44993016835e-18
-0.61 2.41460535814e-18
-0.6 2.37962237248e-18
-0.59 2.34497935389e-18
-0.58 2.31067448359e-18
-0.57 2.27670598043e-18
-0.56 2.24307209984e-18
-0.55 2.20977113267e-18
-0.54 2.17680140415e-18
-0.53 2.14416127268e-18
-0.52 2.11184912868e-18
-0.51 2.07986339339e-18
-0.5 2.04820251771e-18
-0.49 2.01686498088e-18
-0.48 1.98584928935e-18
-0.47 1.95515397539e-18
-0.46 1.92477759592e-18
-0.45 1.89471873113e-18
-0.44 1.86497598323e-18
-0.43 1.83554797507e-18
-0.42 1.80643334886e-18
-0.41 1.77763076476e-18
-0.4 1.74913889959e-18
-0.39 1.7209564454e-18
-0.38 1.69308210816e-18
-0.37 1.66551460632e-18
-0.36 1.63825266951e-18
-0.35 1.61129503708e-18
-0.34 1.58464045677e-18
-0.33 1.55828768332e-18
-0.32 1.5322354771e-18
-0.31 1.50648260272e-18
-0.3 1.48102782771e-18
-0.29 1.45586992114e-18
-0.28 1.43100765227e-18
-0.27 1.40643978929e-18
-0.26 1.38216509791e-18
-0.25 1.35818234016e-18
-0.24 1.33449027306e-18
-0.23 1.31108764741e-18
-0.22 1.28797320652e-18
-0.21 1.26514568504e-18
-0.2 1.24260380778e-18
-0.19 1.22034628855e-18
-0.18 1.19837182906e-18
-0.17 1.17667911784e-18
-0.16 1.15526682918e-18
-0.15 1.13413362214e-18
-0.14 1.11327813956e-18
-0.13 1.09269900714e-18
-0.12 1.07239483255e-18
-0.11 1.05236420456e-18
-0.1 1.03260569229e-18
-0.0900000000001 1.01311784438e-18
-0.0800000000001 9.93899188355e-19
-0.0700000000001 9.74948229901e-19
-0.0600000000001 9.56263452286e-19
-0.0500000000001 9.37843315787e-19
-0.0400000000001 9.19686257174e-19
-0.0300000000001 9.01790689256e-19
-0.0200000000001 8.84155000465e-19
-0.0100000000001 8.66777554504e-19
0.0 8.49656690041e-19
0.00999999999994 8.32790720461e-19
0.0199999999999 8.16177933669e-19
0.0299999999999 7.99816591942e-19
0.0399999999999 7.83704931849e-19
0.0499999999999 7.67841164203e-19
0.0599999999999 7.52223474088e-19
0.0699999999999 7.3685002092e-19
0.0799999999999 7.21718938572e-19
0.0899999999999 7.06828335545e-19
0.0999999999999 6.9217629519e-19
0.11 6.77760875981e-19
0.12 6.63580111838e-19
0.13 6.49632012491e-19
0.14 6.35914563901e-19
0.15 6.22425728715e-19
0.16 6.09163446774e-19
0.17 5.96125635657e-19
0.18 5.83310191272e-19
0.19 5.70714988479e-19
0.2 5.58337881757e-19
0.21 5.46176705903e-19
0.22 5.34229276768e-19
0.23 5.22493392023e-19
0.24 5.10966831958e-19
0.25 4.99647360306e-19
0.26 4.88532725096e-19
0.27 4.77620659531e-19
0.28 4.66908882888e-19
0.29 4.56395101439e-19
0.3 4.46077009387e-19
0.31 4.35952289827e-19
0.32 4.2601861571e-19
0.33 4.16273650833e-19
0.34 4.06715050827e-19
0.35 3.97340464158e-19
0.36 3.88147533142e-19
0.37 3.79133894953e-19
0.38 3.7029718264e-19
0.39 3.61635026144e-19
0.4 3.53145053316e-19
0.41 3.44824890926e-19
0.42 3.36672165677e-19
0.43 3.28684505203e-19
0.44 3.20859539068e-19
0.45 3.13194899748e-19
0.46 3.05688223612e-19
0.47 2.98337151876e-19
0.48 2.9113933156e-19
0.49 2.84092416418e-19
0.5 2.7719406786e-19
0.51 2.70441955846e-19
0.52 2.63833759777e-19
0.53 2.57367169351e-19
0.54 2.5103988541e-19
0.55 2.44849620758e-19
0.56 2.38794100963e-19
0.57 2.32871065133e-19
0.58 2.27078266667e-19
0.59 2.21413473985e-19
0.6 2.15874471233e-19
0.61 2.1045905896e-19
0.62 2.05165054773e-19
0.63 1.99990293965e-19
0.64 1.94932630114e-19
0.65 1.89989935661e-19
0.66 1.85160102458e-19
0.67 1.80441042287e-19
0.68 1.7583068736e-19
0.69 1.71326990786e-19
0.7 1.6692792701e-19
0.71 1.62631492234e-19
0.72 1.58435704805e-19
0.73 1.54338605575e-19
0.74 1.50338258243e-19
0.75 1.46432749665e-19
0.76 1.4262019014e-19
0.77 1.38898713675e-19
0.78 1.35266478219e-19
0.79 1.31721665879e-19
0.8 1.28262483109e-19
0.81 1.24887160877e-19
0.82 1.21593954809e-19
0.83 1.18381145311e-19
0.84 1.15247037669e-19
0.85 1.1218996213e-19
0.86 1.0920827396e-19
0.87 1.06300353485e-19
0.88 1.03464606108e-19
0.89 1.00699462313e-19
0.9 9.80033776469e-20
0.91 9.53748326863e-20
0.92 9.28123329867e-20
0.93 9.03144090151e-20
0.94 8.7879616068e-20
0.95 8.55065341735e-20
0.96 8.31937679801e-20
0.97 8.09399466308e-20
0.98 7.87437236255e-20
0.99 7.66037766696e-20
1.0 7.45188075115e-20
1.01 7.2487541769e-20
1.02 7.05087287443e-20
1.03 6.858114123e-20
1.04 6.67035753049e-20
1.05 6.48748501209e-20
1.06 6.30938076819e-20
1.07 6.13593126144e-20
1.08 5.96702519315e-20
1.09 5.80255347892e-20
1.1 5.64240922371e-20
1.11 5.48648769634e-20
1.12 5.33468630335e-20
1.13 5.18690456255e-20
1.14 5.04304407595e-20
1.15 4.90300850243e-20
1.16 4.76670352996e-20
1.17 4.63403684758e-20
1.18 4.50491811705e-20
1.19 4.3792589443e-20
1.2 4.25697285062e-20
1.21 4.13797524379e-20
1.22 4.02218338898e-20
1.23 3.90951637959e-20
1.24 3.79989510801e-20
1.25 3.69324223636e-20
1.26 3.58948216721e-20
1.27 3.4885410143e-20
1.28 3.39034657332e-20
1.29 3.29482829278e-20
1.3 3.2019172449e-20
1.31 3.11154609668e-20
1.32 3.02364908106e-20
1.33 2.93816196827e-20
1.34 2.85502203733e-20
1.35 2.7741680477e-20
1.36 2.69554021123e-20
1.37 2.61908016424e-20
1.38 2.54473093988e-20
1.39 2.47243694072e-20
1.4 2.40214391161e-20
1.41 2.33379891282e-20
1.42 2.26735029345e-20
1.43 2.20274766512e-20
1.44 2.13994187603e-20
1.45 2.07888498521e-20
1.46 2.0195302372e-20
1.47 1.96183203703e-20
1.48 1.90574592546e-20
1.49 1.85122855466e-20
1.5 1.79823766415e-20
1.51 1.74673205713e-20
1.52 1.69667157718e-20
1.53 1.64801708519e-20
1.54 1.60073043683e-20
1.55 1.55477446022e-20
1.56 1.51011293406e-20
1.57 1.46671056604e-20
1.58 1.42453297166e-20
1.59 1.38354665343e-20
1.6 1.34371898034e-20
1.61 1.30501816783e-20
1.62 1.26741325795e-20
1.63 1.23087410004e-20
1.64 1.19537133164e-20
1.65 1.16087635986e-20
1.66 1.12736134299e-20
1.67 1.09479917256e-20
1.68 1.06316345572e-20
1.69 1.03242849791e-20
1.7 1.00256928594e-20
1.71 9.73561471407e-21
1.72 9.45381354382e-21
1.73 9.18005867503e-21
1.74 8.9141256036e-21
1.75 8.65579584209e-21
1.76 8.40485677011e-21
1.77 8.16110148792e-21
1.78 7.92432867304e-21
1.79 7.69434244009e-21
1.8 7.47095220358e-21
1.81 7.25397254373e-21
1.82 7.04322307529e-21
1.83 6.8385283192e-21
1.84 6.63971757721e-21
1.85 6.44662480922e-21
1.86 6.25908851354e-21
1.87 6.07695160974e-21
1.88 5.90006132429e-21
1.89 5.72826907882e-21
1.9 5.56143038093e-21
1.91 5.39940471764e-21
1.92 5.24205545127e-21
1.93 5.08924971782e-21
1.94 4.94085832775e-21
1.95 4.79675566914e-21
1.96 4.65681961317e-21
1.97 4.52093142188e-21
1.98 4.38897565815e-21
1.99 4.26084009791e-21
2.0 4.13641564448e-21
2.01 4.01559624498e-21
2.02 3.89827880885e-21
2.03 3.78436312836e-21
2.04 3.67375180113e-21
2.05 3.56635015451e-21
2.06 3.46206617196e-21
2.07 3.36081042119e-21
2.08 3.26249598416e-21
2.09 3.16703838887e-21
2.1 3.0743555428e-21
2.11 2.98436766817e-21
2.12 2.89699723874e-21
2.13 2.81216891833e-21
2.14 2.72980950085e-21
2.15 2.6498478519e-21
2.16 2.57221485191e-21
2.17 2.49684334074e-21
2.18 2.42366806371e-21
2.19 2.35262561903e-21
2.2 2.28365440667e-21
2.21 2.2166945785e-21
2.22 2.1516879898e-21
2.23 2.08857815197e-21
2.24 2.02731018662e-21
2.25 1.96783078074e-21
2.26 1.91008814317e-21
2.27 1.85403196212e-21
2.28 1.79961336399e-21
2.29 1.74678487308e-21
2.3 1.69550037258e-21
2.31 1.64571506647e-21
2.32 1.59738544251e-21
2.33 1.55046923621e-21
2.34 1.50492539581e-21
2.35 1.46071404812e-21
2.36 1.4177964654e-21
2.37 1.37613503305e-21
2.38 1.33569321823e-21
2.39 1.29643553933e-21
2.4 1.25832753623e-21
2.41 1.22133574145e-21
2.42 1.18542765203e-21
2.43 1.15057170221e-21
2.44 1.11673723684e-21
2.45 1.08389448556e-21
2.46 1.05201453765e-21
2.47 1.02106931758e-21
2.48 9.91031561295e-22
2.49 9.61874793072e-22
2.5 9.33573303071e-22
2.51 9.06102125498e-22
2.52 8.79437017375e-22
2.53 8.53554437896e-22
2.54 8.28431528368e-22
2.55 8.04046092703e-22
2.56 7.80376578462e-22
2.57 7.57402058426e-22
2.58 7.35102212681e-22
2.59 7.13457311213e-22
2.6 6.92448196981e-22
2.61 6.72056269477e-22
2.62 6.52263468738e-22
2.63 6.33052259815e-22
2.64 6.14405617679e-22
2.65 5.96307012551e-22
2.66 5.78740395645e-22
2.67 5.61690185317e-22
2.68 5.45141253609e-22
2.69 5.29078913162e-22
2.7 5.13488904516e-22
2.71 4.98357383755e-22
2.72 4.83670910517e-22
2.73 4.69416436331e-22
2.74 4.55581293298e-22
2.75 4.42153183084e-22
2.76 4.29120166233e-22
2.77 4.16470651783e-22
2.78 4.04193387178e-22
2.79 3.92277448464e-22
2.8 3.80712230776e-22
2.81 3.69487439081e-22
2.82 3.58593079202e-22
2.83 3.48019449086e-22
2.84 3.37757130333e-22
2.85 3.27796979956e-22
2.86 3.1813012239e-22
2.87 3.08747941716e-22
2.88 2.99642074127e-22
2.89 2.90804400589e-22
2.9 2.8222703973e-22
2.91 2.73902340925e-22
2.92 2.65822877583e-22
2.93 2.57981440625e-22
2.94 2.50371032154e-22
2.95 2.429848593e-22
2.96 2.35816328253e-22
2.97 2.28859038459e-22
2.98 2.22106776987e-22
2.99 2.15553513059e-22
3.0 2.0919339274e-22
3.01 2.03020733775e-22
3.02 1.97030020583e-22
3.03 1.9121589939e-22
3.04 1.85573173506e-22
3.05 1.8009679874e-22
3.06 1.74781878943e-22
3.07 1.69623661683e-22
3.08 1.64617534048e-22
3.09 1.59759018564e-22
3.1 1.55043769239e-22
3.11 1.50467567719e-22
3.12 1.46026319549e-22
3.13 1.41716050557e-22
3.14 1.37532903327e-22
3.15 1.33473133786e-22
3.16 1.29533107887e-22
3.17 1.25709298384e-22
3.18 1.2199828171e-22
3.19 1.18396734936e-22
3.2 1.14901432824e-22
3.21 1.11509244966e-22
3.22 1.08217133006e-22
3.23 1.0502214794e-22
3.24 1.01921427497e-22
3.25 9.89121935968e-23
3.26 9.59917498826e-23
3.27 9.31574793225e-23
3.28 9.0406841883e-23
3.29 8.77373722711e-23
3.3 8.51466777405e-23
3.31 8.26324359634e-23
3.32 8.01923929634e-23
3.33 7.78243611092e-23
3.34 7.55262171673e-23
3.35 7.32959004109e-23
3.36 7.11314107846e-23
3.37 6.90308071224e-23
3.38 6.69922054183e-23
3.39 6.5013777147e-23
3.4 6.30937476338e-23
3.41 6.12303944726e-23
3.42 5.94220459899e-23
3.43 5.76670797537e-23
3.44 5.59639211262e-23
3.45 5.43110418588e-23
3.46 5.27069587284e-23
3.47 5.11502322136e-23
3.48 4.96394652096e-23
3.49 4.81733017807e-23
3.5 4.67504259497e-23
3.51 4.53695605222e-23
3.52 4.40294659464e-23
3.53 4.2728939205e-23
3.54 4.14668127406e-23
3.55 4.02419534124e-23
3.56 3.90532614832e-23
3.57 3.78996696365e-23
3.58 3.67801420222e-23
3.59 3.56936733306e-23
3.6 3.46392878929e-23
3.61 3.36160388092e-23
3.62 3.26230071012e-23
3.63 3.16593008899e-23
3.64 3.07240545981e-23
3.65 2.98164281755e-23
3.66 2.8935606347e-23
3.67 2.8080797883e-23
3.68 2.72512348914e-23
3.69 2.64461721298e-23
3.7 2.56648863386e-23
3.71 2.4906675593e-23
3.72 2.41708586748e-23
3.73 2.34567744624e-23
3.74 2.2763781338e-23
3.75 2.20912566135e-23
3.76 2.14385959726e-23
3.77 2.08052129289e-23
3.78 2.0190538301e-23
3.79 1.95940197021e-23
3.8 1.90151210449e-23
3.81 1.84533220616e-23
3.82 1.79081178368e-23
3.83 1.73790183558e-23
3.84 1.68655480647e-23
3.85 1.6367245444e-23
3.86 1.58836625952e-23
3.87 1.54143648391e-23
3.88 1.49589303257e-23
3.89 1.4516949656e-23
3.9 1.4088025515e-23
3.91 1.36717723153e-23
3.92 1.32678158509e-23
3.93 1.28757929619e-23
3.94 1.24953512086e-23
3.95 1.21261485552e-23
3.96 1.17678530628e-23
3.97 1.1420142592e-23
3.98 1.10827045134e-23
3.99 1.07552354271e-23
4.0 1.04374408907e-23
4.01 1.01290351547e-23
4.02 9.82974090616e-24
4.03 9.53928901983e-24
4.04 9.25741831651e-24
4.05 8.98387532859e-24
4.06 8.71841407252e-24
4.07 8.46079582794e-24
4.08 8.21078892335e-24
4.09 7.96816852814e-24
4.1 7.73271645065e-24
4.11 7.50422094227e-24
4.12 7.28247650728e-24
4.13 7.0672837183e-24
4.14 6.85844903721e-24
4.15 6.65578464128e-24
4.16 6.45910825452e-24
4.17 6.26824298395e-24
4.18 6.08301716067e-24
4.19 5.90326418568e-24
4.2 5.72882238026e-24
4.21 5.55953484063e-24
4.22 5.39524929708e-24
4.23 5.23581797714e-24
4.24 5.08109747279e-24
4.25 4.93094861163e-24
4.26 4.78523633184e-24
4.27 4.6438295608e-24
4.28 4.50660109734e-24
4.29 4.37342749738e-24
4.3 4.24418896309e-24
4.31 4.11876923513e-24
4.32 3.99705548826e-24
4.33 3.87893822988e-24
4.34 3.76431120164e-24
4.35 3.65307128395e-24
4.36 3.54511840329e-24
4.37 3.44035544227e-24
4.38 3.33868815231e-24
4.39 3.24002506896e-24
4.4 3.14427742964e-24
4.41 3.0513590939e-24
4.42 2.96118646593e-24
4.43 2.87367841947e-24
4.44 2.78875622483e-24
4.45 2.70634347813e-24
4.46 2.62636603261e-24
4.47 2.54875193198e-24
4.48 2.47343134569e-24
4.49 2.40033650621e-24
4.5 2.32940164804e-24
4.51 2.26056294858e-24
4.52 2.19375847081e-24
4.53 2.12892810751e-24
4.54 2.06601352729e-24
4.55 2.00495812208e-24
4.56 1.94570695625e-24
4.57 1.88820671724e-24
4.58 1.83240566757e-24
4.59 1.77825359832e-24
4.6 1.72570178403e-24
4.61 1.67470293881e-24
4.62 1.62521117387e-24
4.63 1.57718195623e-24
4.64 1.53057206865e-24
4.65 1.4853395708e-24
4.66 1.44144376152e-24
4.67 1.39884514222e-24
4.68 1.35750538135e-24
4.69 1.31738727991e-24
4.7 1.27845473804e-24
4.71 1.24067272248e-24
4.72 1.20400723514e-24
4.73 1.16842528244e-24
4.74 1.1338948457e-24
4.75 1.1003848523e-24
4.76 1.06786514773e-24
4.77 1.0363064685e-24
4.78 1.00568041578e-24
4.79 9.75959429869e-25
4.8 9.47116765407e-25
4.81 9.19126467312e-25
4.82 8.91963347434e-25
4.83 8.65602961891e-25
4.84 8.40021589089e-25
4.85 8.15196208372e-25
4.86 7.91104479323e-25
4.87 7.67724721656e-25
4.88 7.45035895722e-25
4.89 7.23017583572e-25
4.9 7.01649970596e-25
4.91 6.80913827692e-25
4.92 6.60790493967e-25
4.93 6.41261859952e-25
4.94 6.22310351306e-25
4.95 6.03918913004e-25
4.96 5.86070993997e-25
4.97 5.68750532319e-25
4.98 5.51941940633e-25
4.99 5.35630092213e-25
5.0 5.1980030733e-25
