-5.0 0.00269493409738
-4.99 0.00272201364269
-4.98 0.00274936518992
-4.97 0.00277699146811
-4.96 0.00280489523358
-4.95 0.0028330792702
-4.94 0.00286154638968
-4.93 0.00289029943184
-4.92 0.00291934126486
-4.91 0.0029486747856
-4.9 0.00297830291985
-4.89 0.00300822862266
-4.88 0.00303845487857
-4.87 0.00306898470193
-4.86 0.00309982113722
-4.85 0.0031309672593
-4.84 0.00316242617374
-4.83 0.00319420101711
-4.82 0.00322629495728
-4.81 0.00325871119376
-4.8 0.00329145295796
-4.79 0.00332452351355
-4.78 0.00335792615677
-4.77 0.0033916642167
-4.76 0.00342574105565
-4.75 0.00346016006945
-4.74 0.00349492468779
-4.73 0.00353003837455
-4.72 0.00356550462812
-4.71 0.00360132698177
-4.7 0.00363750900394
-4.69 0.00367405429866
-4.68 0.00371096650582
-4.67 0.00374824930157
-4.66 0.00378590639867
-4.65 0.00382394154681
-4.64 0.00386235853302
-4.63 0.003901161182
-4.62 0.0039403533565
-4.61 0.0039799389577
-4.6 0.00401992192555
-4.59 0.00406030623918
-4.58 0.00410109591729
-4.57 0.00414229501849
-4.56 0.00418390764171
-4.55 0.00422593792662
-4.54 0.00426839005397
-4.53 0.00431126824603
-4.52 0.00435457676697
-4.51 0.00439831992328
-4.5 0.00444250206417
-4.49 0.00448712758198
-4.48 0.0045322009126
-4.47 0.0045777265359
-4.46 0.00462370897611
-4.45 0.00467015280231
-4.44 0.00471706262884
-4.43 0.00476444311568
-4.42 0.00481229896897
-4.41 0.00486063494141
-4.4 0.00490945583269
-4.39 0.00495876648998
-4.38 0.00500857180835
-4.37 0.00505887673126
-4.36 0.00510968625097
-4.35 0.00516100540906
-4.34 0.00521283929686
-4.33 0.00526519305596
-4.32 0.00531807187863
-4.31 0.00537148100837
-4.3 0.00542542574033
-4.29 0.00547991142184
-4.28 0.0055349434529
-4.27 0.00559052728664
-4.26 0.00564666842987
-4.25 0.00570337244355
-4.24 0.00576064494331
-4.23 0.00581849159996
-4.22 0.00587691814001
-4.21 0.00593593034619
-4.2 0.00599553405797
-4.19 0.00605573517209
-4.18 0.0061165396431
-4.17 0.00617795348388
-4.16 0.0062399827662
-4.15 0.00630263362125
-4.14 0.00636591224019
-4.13 0.00642982487472
-4.12 0.00649437783762
-4.11 0.0065595775033
-4.1 0.0066254303084
-4.09 0.00669194275233
-4.08 0.00675912139784
-4.07 0.00682697287163
-4.06 0.00689550386489
-4.05 0.00696472113392
-4.04 0.00703463150068
-4.03 0.00710524185343
-4.02 0.00717655914728
-4.01 0.00724859040484
-4.0 0.00732134271677
-3.99 0.00739482324243
-3.98 0.00746903921047
-3.97 0.00754399791946
-3.96 0.0076197067385
-3.95 0.00769617310783
-3.94 0.0077734045395
-3.93 0.00785140861797
-3.92 0.00793019300072
-3.91 0.00800976541894
-3.9 0.00809013367814
-3.89 0.00817130565881
-3.88 0.00825328931705
-3.87 0.00833609268522
-3.86 0.00841972387263
-3.85 0.00850419106616
-3.84 0.00858950253092
-3.83 0.00867566661096
-3.82 0.00876269172987
-3.81 0.00885058639152
-3.8 0.00893935918067
-3.79 0.00902901876368
-3.78 0.00911957388919
-3.77 0.00921103338878
-3.76 0.00930340617767
-3.75 0.0093967012554
-3.74 0.00949092770651
-3.73 0.00958609470125
-3.72 0.00968221149625
-3.71 0.00977928743521
-3.7 0.00987733194962
-3.69 0.00997635455945
-3.68 0.0100763648738
-3.67 0.0101773725917
-3.66 0.0102793875028
-3.65 0.0103824194878
-3.64 0.0104864785196
-3.63 0.0105915746636
-3.62 0.0106977180788
-3.61 0.010804919018
-3.6 0.0109131878291
-3.59 0.0110225349552
-3.58 0.0111329709358
-3.57 0.0112445064072
-3.56 0.0113571521032
-3.55 0.011470918856
-3.54 0.0115858175969
-3.53 0.0117018593567
-3.52 0.0118190552667
-3.51 0.011937416559
-3.5 0.012056954568
-3.49 0.01217768073
-3.48 0.0122996065847
-3.47 0.0124227437757
-3.46 0.0125471040509
-3.45 0.0126726992633
-3.44 0.012799541372
-3.43 0.0129276424425
-3.42 0.0130570146472
-3.41 0.0131876702666
-3.4 0.0133196216896
-3.39 0.0134528814141
-3.38 0.0135874620476
-3.37 0.0137233763082
-3.36 0.0138606370249
-3.35 0.013999257138
-3.34 0.0141392497003
-3.33 0.0142806278771
-3.32 0.0144234049472
-3.31 0.0145675943032
-3.3 0.0147132094522
-3.29 0.0148602640162
-3.28 0.0150087717327
-3.27 0.0151587464556
-3.26 0.0153102021548
-3.25 0.0154631529177
-3.24 0.0156176129489
-3.23 0.0157735965713
-3.22 0.0159311182258
-3.21 0.0160901924726
-3.2 0.0162508339906
-3.19 0.0164130575789
-3.18 0.0165768781561
-3.17 0.0167423107616
-3.16 0.016909370555
-3.15 0.0170780728172
-3.14 0.0172484329501
-3.13 0.0174204664774
-3.12 0.0175941890443
-3.11 0.0177696164177
-3.1 0.0179467644871
-3.09 0.0181256492637
-3.08 0.0183062868814
-3.07 0.0184886935962
-3.06 0.0186728857869
-3.05 0.0188588799544
-3.04 0.0190466927223
-3.03 0.0192363408363
-3.02 0.0194278411647
-3.01 0.0196212106977
-3.0 0.0198164665473
-2.99 0.0200136259476
-2.98 0.0202127062539
-2.97 0.0204137249425
-2.96 0.0206166996107
-2.95 0.020821647976
-2.94 0.0210285878757
-2.93 0.0212375372668
-2.92 0.0214485142245
-2.91 0.0216615369427
-2.9 0.0218766237323
-2.89 0.0220937930211
-2.88 0.0223130633527
-2.87 0.0225344533857
-2.86 0.0227579818927
-2.85 0.0229836677593
-2.84 0.023211529983
-2.83 0.023441587672
-2.82 0.0236738600441
-2.81 0.0239083664249
-2.8 0.0241451262472
-2.79 0.0243841590487
-2.78 0.0246254844707
-2.77 0.0248691222567
-2.76 0.0251150922502
-2.75 0.025363414393
-2.74 0.0256141087232
-2.73 0.0258671953733
-2.72 0.0261226945677
-2.71 0.0263806266207
-2.7 0.0266410119336
-2.69 0.0269038709931
-2.68 0.0271692243674
-2.67 0.0274370927046
-2.66 0.027707496729
-2.65 0.0279804572383
-2.64 0.0282559951007
-2.63 0.0285341312512
-2.62 0.028814886688
-2.61 0.0290982824696
-2.6 0.0293843397103
-2.59 0.0296730795765
-2.58 0.0299645232828
-2.57 0.0302586920875
-2.56 0.0305556072882
-2.55 0.0308552902174
-2.54 0.0311577622372
-2.53 0.0314630447349
-2.52 0.0317711591175
-2.51 0.0320821268061
-2.5 0.0323959692309
-2.49 0.0327127078248
-2.48 0.0330323640176
-2.47 0.03335495923
-2.46 0.0336805148666
-2.45 0.0340090523097
-2.44 0.0343405929119
-2.43 0.0346751579892
-2.42 0.0350127688135
-2.41 0.0353534466046
-2.4 0.0356972125224
-2.39 0.0360440876588
-2.38 0.0363940930287
-2.37 0.0367472495616
-2.36 0.037103578092
-2.35 0.0374630993502
-2.34 0.0378258339525
-2.33 0.038191802391
-2.32 0.0385610250233
-2.31 0.0389335220614
-2.3 0.039309313561
-2.29 0.0396884194096
-2.28 0.0400708593151
-2.27 0.0404566527929
-2.26 0.040845819154
-2.25 0.0412383774916
-2.24 0.0416343466675
-2.23 0.0420337452989
-2.22 0.0424365917435
-2.21 0.042842904085
-2.2 0.0432527001183
-2.19 0.0436659973335
-2.18 0.0440828129001
-2.17 0.0445031636503
-2.16 0.0449270660623
-2.15 0.0453545362424
-2.14 0.0457855899076
-2.13 0.0462202423663
-2.12 0.0466585085
-2.11 0.0471004027434
-2.1 0.0475459390643
-2.09 0.047995130943
-2.08 0.0484479913511
-2.07 0.0489045327296
-2.06 0.0493647669665
-2.05 0.049828705374
-2.04 0.0502963586646
-2.03 0.0507677369271
-2.02 0.0512428496018
-2.01 0.0517217054547
-2.0 0.0522043125516
-1.99 0.0526906782314
-1.98 0.0531808090783
-1.97 0.0536747108938
-1.96 0.054172388668
-1.95 0.0546738465496
-1.94 0.0551790878163
-1.93 0.0556881148434
-1.92 0.0562009290718
-1.91 0.0567175309763
-1.9 0.0572379200319
-1.89 0.0577620946799
-1.88 0.0582900522933
-1.87 0.0588217891413
-1.86 0.0593573003531
-1.85 0.0598965798807
-1.84 0.0604396204614
-1.83 0.0609864135789
-1.82 0.0615369494241
-1.81 0.0620912168548
-1.8 0.0626492033549
-1.79 0.0632108949924
-1.78 0.0637762763769
-1.77 0.0643453306164
-1.76 0.0649180392726
-1.75 0.0654943823168
-1.74 0.0660743380831
-1.73 0.0666578832226
-1.72 0.0672449926558
-1.71 0.0678356395243
-1.7 0.0684297951423
-1.69 0.0690274289467
-1.68 0.0696285084466
-1.67 0.0702329991724
-1.66 0.070840864624
-1.65 0.0714520662179
-1.64 0.0720665632343
-1.63 0.0726843127631
-1.62 0.0733052696495
-1.61 0.0739293864383
-1.6 0.0745566133191
-1.59 0.075186898069
-1.58 0.0758201859964
-1.57 0.0764564198837
-1.56 0.0770955399291
-1.55 0.0777374836885
-1.54 0.0783821860172
-1.53 0.0790295790109
-1.52 0.0796795919462
-1.51 0.0803321512215
-1.5 0.0809871802972
-1.49 0.0816445996362
-1.48 0.0823043266437
-1.47 0.0829662756079
-1.46 0.0836303576399
-1.45 0.0842964806144
-1.44 0.0849645491103
-1.43 0.0856344643513
-1.42 0.0863061241481
-1.41 0.0869794228391
-1.4 0.0876542512339
-1.39 0.0883304965554
-1.38 0.0890080423844
-1.37 0.0896867686037
-1.36 0.0903665513441
-1.35 0.091047262931
-1.34 0.0917287718327
-1.33 0.0924109426091
-1.32 0.0930936358631
-1.31 0.0937767081927
-1.3 0.0944600121452
-1.29 0.0951433961732
-1.28 0.0958267045926
-1.27 0.0965097775427
-1.26 0.0971924509494
-1.25 0.0978745564892
-1.24 0.0985559215581
-1.23 0.0992363692413
-1.22 0.0999157182872
-1.21 0.100593783084
-1.2 0.101270373641
-1.19 0.10194529557
-1.18 0.102618350076
-1.17 0.103289333944
-1.16 0.103958039541
-1.15 0.10462425481
-1.14 0.105287763279
-1.13 0.105948344068
-1.12 0.106605771903
-1.11 0.107259817137
-1.1 0.107910245776
-1.09 0.108556819506
-1.08 0.109199295733
-1.07 0.109837427622
-1.06 0.110470964151
-1.05 0.111099650161
-1.04 0.111723226421
-1.03 0.112341429696
-1.02 0.112953992825
-1.01 0.113560644799
-1.0 0.11416111086
-0.99 0.114755112594
-0.98 0.115342368038
-0.97 0.115922591797
-0.96 0.116495495167
-0.95 0.117060786264
-0.94 0.117618170168
-0.93 0.118167349069
-0.92 0.118708022424
-0.91 0.119239887128
-0.9 0.119762637689
-0.89 0.120275966408
-0.88 0.120779563583
-0.87 0.121273117705
-0.86 0.121756315677
-0.85 0.122228843035
-0.84 0.122690384179
-0.83 0.12314062262
-0.82 0.123579241227
-0.81 0.124005922491
-0.8 0.124420348797
-0.79 0.124822202698
-0.78 0.12521116721
-0.77 0.12558692611
-0.76 0.125949164239
-0.75 0.126297567819
-0.74 0.12663182478
-0.73 0.126951625089
-0.72 0.127256661092
-0.71 0.127546627861
-0.7 0.127821223547
-0.69 0.128080149746
-0.68 0.128323111863
-0.67 0.128549819488
-0.66 0.128759986774
-0.65 0.128953332823
-0.64 0.129129582075
-0.63 0.129288464699
-0.62 0.129429716988
-0.61 0.129553081761
-0.6 0.129658308761
-0.59 0.129745155054
-0.58 0.129813385436
-0.57 0.12986277283
-0.56 0.129893098689
-0.55 0.129904153393
-0.54 0.129895736645
-0.53 0.129867657864
-0.52 0.12981973657
-0.51 0.12975180277
-0.5 0.12966369733
-0.49 0.129555272344
-0.48 0.129426391497
-0.47 0.129276930414
-0.46 0.129106776999
-0.45 0.128915831771
-0.44 0.128704008173
-0.43 0.128471232887
-0.42 0.128217446117
-0.41 0.127942601867
-0.4 0.127646668207
-0.39 0.127329627506
-0.38 0.126991476669
-0.37 0.126632227338
-0.36 0.126251906082
-0.35 0.125850554566
-0.34 0.1254282297
-0.33 0.124985003761
-0.32 0.1245209645
-0.31 0.124036215224
-0.3 0.12353087485
-0.29 0.123005077941
-0.28 0.122458974717
-0.27 0.121892731036
-0.26 0.121306528354
-0.25 0.12070056366
-0.24 0.120075049385
-0.23 0.119430213281
-0.22 0.11876629828
-0.21 0.118083562322
-0.2 0.117382278164
-0.19 0.116662733152
-0.18 0.115925228981
-0.17 0.115170081416
-0.16 0.114397620002
-0.15 0.113608187738
-0.14 0.11280214073
-0.13 0.111979847829
-0.12 0.111141690233
-0.11 0.110288061075
-0.1 0.10941936499
-0.0900000000001 0.108536017659
-0.0800000000001 0.107638445333
-0.0700000000001 0.106727084343
-0.0600000000001 0.105802380586
-0.0500000000001 0.104864789002
-0.0400000000001 0.103914773028
-0.0300000000001 0.102952804046
-0.0200000000001 0.101979360813
-0.0100000000001 0.100994928879
0.0 0.100000000001
0.00999999999994 0.0989950715391
0.0199999999999 0.0979806458543
0.0299999999999 0.096957229693
0.0399999999999 0.0959253335708
0.0499999999999 0.0948854711518
0.0599999999999 0.0938381586257
0.0699999999999 0.0927839140856
0.0799999999999 0.0917232569047
0.0899999999999 0.0906567071173
0.0999999999999 0.0895847848024
0.11 0.088508009472
0.12 0.0874268994667
0.13 0.086341971358
0.14 0.08525373936
0.15 0.0841627147508
0.16 0.0830694053054
0.17 0.0819743147409
0.18 0.080877942175
0.19 0.079780781599
0.2 0.0786833213664
0.21 0.0775860436981
0.22 0.0764894242036
0.23 0.0753939314219
0.24 0.0743000263795
0.25 0.073208162169
0.26 0.0721187835469
0.27 0.0710323265521
0.28 0.069949218145
0.29 0.0688698758689
0.3 0.0677947075317
0.31 0.0667241109104
0.32 0.0656584734772
0.33 0.0645981721483
0.34 0.0635435730539
0.35 0.0624950313319
0.36 0.0614528909424
0.37 0.0604174845047
0.38 0.0593891331566
0.39 0.0583681464347
0.4 0.0573548221758
0.41 0.0563494464403
0.42 0.0553522934548
0.43 0.0543636255761
0.44 0.0533836932738
0.45 0.0524127351325
0.46 0.0514509778728
0.47 0.0504986363898
0.48 0.0495559138092
0.49 0.0486230015605
0.5 0.0477000794652
0.51 0.046787315842
0.52 0.0458848676248
0.53 0.0449928804966
0.54 0.0441114890351
0.55 0.0432408168718
0.56 0.0423809768622
0.57 0.0415320712674
0.58 0.0406941919463
0.59 0.0398674205564
0.6 0.0390518287644
0.61 0.0382474784641
0.62 0.0374544220025
0.63 0.0366727024114
0.64 0.0359023536462
0.65 0.0351434008287
0.66 0.0343958604957
0.67 0.0336597408505
0.68 0.0329350420183
0.69 0.032221756304
0.7 0.0315198684519
0.71 0.0308293559076
0.72 0.0301501890801
0.73 0.0294823316042
0.74 0.0288257406038
0.75 0.0281803669534
0.76 0.0275461555392
0.77 0.0269230455186
0.78 0.0263109705777
0.79 0.0257098591865
0.8 0.0251196348514
0.81 0.024540216365
0.82 0.0239715180515
0.83 0.0234134500101
0.84 0.0228659183528
0.85 0.0223288254395
0.86 0.0218020701074
0.87 0.0212855478965
0.88 0.0207791512703
0.89 0.0202827698315
0.9 0.019796290532
0.91 0.0193195978784
0.92 0.0188525741317
0.93 0.0183950995019
0.94 0.0179470523365
0.95 0.0175083093038
0.96 0.0170787455704
0.97 0.0166582349733
0.98 0.016246650186
0.99 0.0158438628785
1.0 0.0154497438728
1.01 0.0150641632917
1.02 0.0146869907017
1.03 0.0143180952519
1.04 0.0139573458053
1.05 0.0136046110659
1.06 0.0132597597005
1.07 0.0129226604537
1.08 0.0125931822596
1.09 0.0122711943467
1.1 0.0119565663383
1.11 0.0116491683482
1.12 0.0113488710712
1.13 0.0110555458684
1.14 0.0107690648487
1.15 0.010489300945
1.16 0.0102161279863
1.17 0.00994942076519
1.18 0.0096890551016
1.19 0.00943490790196
1.2 0.00918685721461
1.21 0.00894478228134
1.22 0.00870856358518
1.23 0.00847808289461
1.24 0.00825322330425
1.25 0.00803386927219
1.26 0.00781990665415
1.27 0.00761122273436
1.28 0.00740770625364
1.29 0.00720924743441
1.3 0.00701573800307
1.31 0.00682707120961
1.32 0.00664314184475
1.33 0.00646384625465
1.34 0.00628908235322
1.35 0.0061187496323
1.36 0.00595274916964
1.37 0.00579098363496
1.38 0.00563335729398
1.39 0.00547977601073
1.4 0.00533014724806
1.41 0.00518438006656
1.42 0.00504238512193
1.43 0.00490407466083
1.44 0.00476936251544
1.45 0.00463816409665
1.46 0.00451039638607
1.47 0.00438597792687
1.48 0.00426482881358
1.49 0.00414687068086
1.5 0.00403202669133
1.51 0.00392022152255
1.52 0.00381138135324
1.53 0.00370543384861
1.54 0.00360230814521
1.55 0.00350193483492
1.56 0.00340424594858
1.57 0.00330917493892
1.58 0.00321665666309
1.59 0.00312662736479
1.6 0.00303902465592
1.61 0.00295378749793
1.62 0.00287085618292
1.63 0.00279017231438
1.64 0.00271167878774
1.65 0.00263531977075
1.66 0.00256104068366
1.67 0.0024887881793
1.68 0.002418510123
1.69 0.00235015557256
1.7 0.00228367475799
1.71 0.00221901906143
1.72 0.00215614099692
1.73 0.00209499419024
1.74 0.00203553335886
1.75 0.00197771429185
1.76 0.00192149382991
1.77 0.00186682984556
1.78 0.00181368122337
1.79 0.00176200784035
1.8 0.00171177054648
1.81 0.00166293114538
1.82 0.00161545237524
1.83 0.00156929788976
1.84 0.00152443223946
1.85 0.00148082085307
1.86 0.00143843001916
1.87 0.00139722686803
1.88 0.00135717935373
1.89 0.00131825623642
1.9 0.00128042706487
1.91 0.00124366215922
1.92 0.00120793259405
1.93 0.00117321018161
1.94 0.00113946745536
1.95 0.00110667765369
1.96 0.00107481470402
1.97 0.00104385320703
1.98 0.0010137684212
1.99 0.000984536247664
2.0 0.000956133215203
2.01 0.000928536465621
2.02 0.000901723739307
2.03 0.000875673361083
2.04 0.00085036422631
2.05 0.000825775787254
2.06 0.000801888039704
2.07 0.000778681509855
2.08 0.00075613724144
2.09 0.000734236783116
2.1 0.000712962176107
2.11 0.000692295942087
2.12 0.00067222107132
2.13 0.000652721011035
2.14 0.000633779654049
2.15 0.000615381327632
2.16 0.000597510782599
2.17 0.000580153182642
2.18 0.000563294093897
2.19 0.000546919474727
2.2 0.000531015665739
2.21 0.000515569380022
2.22 0.000500567693594
2.23 0.000485998036077
2.24 0.000471848181573
2.25 0.000458106239754
2.26 0.000444760647151
2.27 0.000431800158654
2.28 0.000419213839198
2.29 0.000406991055655
2.3 0.000395121468905
2.31 0.000383595026108
2.32 0.00037240195315
2.33 0.000361532747272
2.34 0.00035097816988
2.35 0.000340729239527
2.36 0.000330777225061
2.37 0.000321113638948
2.38 0.000311730230757
2.39 0.0003026189808
2.4 0.000293772093932
2.41 0.000285181993514
2.42 0.000276841315511
2.43 0.00026874290275
2.44 0.00026087979932
2.45 0.000253245245106
2.46 0.000245832670476
2.47 0.000238635691087
2.48 0.000231648102834
2.49 0.000224863876928
2.5 0.000218277155095
2.51 0.000211882244901
2.52 0.000205673615204
2.53 0.000199645891713
2.54 0.00019379385267
2.55 0.000188112424646
2.56 0.00018259667844
2.57 0.00017724182509
2.58 0.000172043211991
2.59 0.000166996319112
2.6 0.00016209675531
2.61 0.000157340254752
2.62 0.000152722673422
2.63 0.000148239985724
2.64 0.000143888281179
2.65 0.000139663761206
2.66 0.000135562735991
2.67 0.000131581621442
2.68 0.000127716936222
2.69 0.000123965298867
2.7 0.000120323424977
2.71 0.000116788124485
2.72 0.000113356299002
2.73 0.000110024939234
2.74 0.000106791122463
2.75 0.000103652010108
2.76 0.00010060484534
2.77 9.76469507747e-05
2.78 9.47757262191e-05
2.79 9.19886464838e-05
2.8 8.92832592554e-05
2.81 8.66571830275e-05
2.82 8.4108105088e-05
2.83 8.16337795629e-05
2.84 7.92320255137e-05
2.85 7.69007250878e-05
2.86 7.463782172e-05
2.87 7.24413183844e-05
2.88 7.03092758941e-05
2.89 6.82398112497e-05
2.9 6.62310960319e-05
2.91 6.42813548412e-05
2.92 6.23888637793e-05
2.93 6.05519489743e-05
2.94 5.87689851464e-05
2.95 5.70383942147e-05
2.96 5.53586439422e-05
2.97 5.37282466195e-05
2.98 5.21457577855e-05
2.99 5.06097749839e-05
3.0 4.91189365552e-05
3.01 4.76719204619e-05
3.02 4.62674431484e-05
3.03 4.49042584314e-05
3.04 4.35811564233e-05
3.05 4.22969624847e-05
3.06 4.10505362082e-05
3.07 3.98407704291e-05
3.08 3.8666590266e-05
3.09 3.75269521877e-05
3.1 3.64208431069e-05
3.11 3.53472794995e-05
3.12 3.43053065495e-05
3.13 3.32939973176e-05
3.14 3.23124519343e-05
3.15 3.13597968154e-05
3.16 3.04351839003e-05
3.17 2.95377899117e-05
3.18 2.8666815637e-05
3.19 2.782148523e-05
3.2 2.70010455327e-05
3.21 2.6204765416e-05
3.22 2.54319351405e-05
3.23 2.46818657344e-05
3.24 2.39538883903e-05
3.25 2.32473538783e-05
3.26 2.25616319771e-05
3.27 2.18961109204e-05
3.28 2.12501968602e-05
3.29 2.0623313345e-05
3.3 2.00149008128e-05
3.31 1.94244160995e-05
3.32 1.8851331961e-05
3.33 1.8295136609e-05
3.34 1.77553332602e-05
3.35 1.72314396993e-05
3.36 1.67229878532e-05
3.37 1.62295233791e-05
3.38 1.57506052632e-05
3.39 1.52858054318e-05
3.4 1.48347083734e-05
3.41 1.43969107716e-05
3.42 1.39720211492e-05
3.43 1.35596595219e-05
3.44 1.31594570623e-05
3.45 1.2771055774e-05
3.46 1.23941081749e-05
3.47 1.20282769893e-05
3.48 1.16732348496e-05
3.49 1.13286640064e-05
3.5 1.09942560469e-05
3.51 1.06697116218e-05
3.52 1.03547401796e-05
3.53 1.00490597092e-05
3.54 9.75239648974e-06
3.55 9.46448484787e-06
3.56 9.18506692171e-06
3.57 8.91389243208e-06
3.58 8.65071846028e-06
3.59 8.3953092323e-06
3.6 8.14743590934e-06
3.61 7.90687638443e-06
3.62 7.67341508505e-06
3.63 7.44684278142e-06
3.64 7.22695640045e-06
3.65 7.01355884506e-06
3.66 6.80645881884e-06
3.67 6.60547065582e-06
3.68 6.41041415515e-06
3.69 6.22111442068e-06
3.7 6.03740170523e-06
3.71 5.85911125934e-06
3.72 5.68608318455e-06
3.73 5.51816229085e-06
3.74 5.35519795842e-06
3.75 5.19704400332e-06
3.76 5.04355854717e-06
3.77 4.89460389061e-06
3.78 4.75004639049e-06
3.79 4.60975634063e-06
3.8 4.47360785611e-06
3.81 4.34147876091e-06
3.82 4.21325047885e-06
3.83 4.08880792775e-06
3.84 3.96803941668e-06
3.85 3.85083654619e-06
3.86 3.73709411153e-06
3.87 3.62671000865e-06
3.88 3.51958514297e-06
3.89 3.41562334085e-06
3.9 3.31473126365e-06
3.91 3.21681832425e-06
3.92 3.12179660615e-06
3.93 3.02958078481e-06
3.94 2.94008805136e-06
3.95 2.85323803857e-06
3.96 2.76895274896e-06
3.97 2.68715648499e-06
3.98 2.60777578142e-06
3.99 2.5307393395e-06
4.0 2.45597796322e-06
4.01 2.38342449733e-06
4.02 2.3130137673e-06
4.03 2.24468252094e-06
4.04 2.17836937176e-06
4.05 2.11401474405e-06
4.06 2.0515608195e-06
4.07 1.99095148542e-06
4.08 1.93213228454e-06
4.09 1.87505036614e-06
4.1 1.81965443879e-06
4.11 1.76589472437e-06
4.12 1.71372291343e-06
4.13 1.663092122e-06
4.14 1.61395684946e-06
4.15 1.56627293786e-06
4.16 1.51999753227e-06
4.17 1.47508904243e-06
4.18 1.43150710542e-06
4.19 1.3892125495e-06
4.2 1.34816735896e-06
4.21 1.30833464008e-06
4.22 1.26967858802e-06
4.23 1.2321644547e-06
4.24 1.19575851767e-06
4.25 1.16042804982e-06
4.26 1.12614129008e-06
4.27 1.09286741489e-06
4.28 1.06057651053e-06
4.29 1.02923954636e-06
4.3 9.98828348694e-07
4.31 9.69315575559e-07
4.32 9.40674692158e-07
4.33 9.12879947053e-07
4.34 8.85906349057e-07
4.35 8.59729644805e-07
4.36 8.34326296987e-07
4.37 8.09673463221e-07
4.38 7.85748975547e-07
4.39 7.62531320532e-07
4.4 7.39999619952e-07
4.41 7.18133612051e-07
4.42 6.96913633351e-07
4.43 6.76320600993e-07
4.44 6.56335995607e-07
4.45 6.36941844679e-07
4.46 6.18120706413e-07
4.47 5.99855654071e-07
4.48 5.82130260766e-07
4.49 5.64928584713e-07
4.5 5.48235154911e-07
4.51 5.32034957244e-07
4.52 5.16313420999e-07
4.53 5.01056405773e-07
4.54 4.86250188778e-07
4.55 4.71881452504e-07
4.56 4.57937272765e-07
4.57 4.44405107079e-07
4.58 4.31272783405e-07
4.59 4.18528489207e-07
4.6 4.06160760836e-07
4.61 3.94158473235e-07
4.62 3.8251082994e-07
4.63 3.71207353375e-07
4.64 3.60237875446e-07
4.65 3.49592528393e-07
4.66 3.39261735928e-07
4.67 3.2923620463e-07
4.68 3.19506915588e-07
4.69 3.10065116298e-07
4.7 3.00902312796e-07
4.71 2.92010262026e-07
4.72 2.83380964425e-07
4.73 2.75006656739e-07
4.74 2.6687980504e-07
4.75 2.58993097958e-07
4.76 2.51339440103e-07
4.77 2.43911945694e-07
4.78 2.3670393236e-07
4.79 2.29708915142e-07
4.8 2.22920600657e-07
4.81 2.16332881439e-07
4.82 2.09939830453e-07
4.83 2.03735695764e-07
4.84 1.97714895364e-07
4.85 1.91872012153e-07
4.86 1.86201789072e-07
4.87 1.80699124373e-07
4.88 1.75359067032e-07
4.89 1.70176812297e-07
4.9 1.65147697368e-07
4.91 1.60267197206e-07
4.92 1.5553092046e-07
4.93 1.50934605521e-07
4.94 1.46474116688e-07
4.95 1.42145440451e-07
4.96 1.3794468188e-07
4.97 1.3386806112e-07
4.98 1.29911909997e-07
4.99 1.26072668716e-07
5.0 1.22346882658e-07
