-5.0 0.00269505644426
-4.99 0.00272213971536
-4.98 0.00274949510183
-4.97 0.00277712533617
-4.96 0.00280503317826
-4.95 0.00283322141564
-4.94 0.0028616928638
-4.93 0.00289045036644
-4.92 0.00291949679578
-4.91 0.00294883505279
-4.9 0.00297846806755
-4.89 0.00300839879947
-4.88 0.00303863023764
-4.87 0.00306916540106
-4.86 0.00310000733901
-4.85 0.00313115913132
-4.84 0.00316262388864
-4.83 0.0031944047528
-4.82 0.00322650489711
-4.81 0.00325892752664
-4.8 0.00329167587856
-4.79 0.00332475322247
-4.78 0.0033581628607
-4.77 0.00339190812864
-4.76 0.00342599239509
-4.75 0.00346041906255
-4.74 0.0034951915676
-4.73 0.00353031338121
-4.72 0.00356578800909
-4.71 0.00360161899203
-4.7 0.00363780990625
-4.69 0.00367436436377
-4.68 0.00371128601273
-4.67 0.00374857853778
-4.66 0.0037862456604
-4.65 0.00382429113934
-4.64 0.0038627187709
-4.63 0.00390153238935
-4.62 0.00394073586733
-4.61 0.00398033311617
-4.6 0.00402032808631
-4.59 0.00406072476767
-4.58 0.00410152719008
-4.57 0.0041427394236
-4.56 0.00418436557899
-4.55 0.00422640980807
-4.54 0.00426887630416
-4.53 0.00431176930243
-4.52 0.00435509308039
-4.51 0.00439885195824
-4.5 0.00444305029933
-4.49 0.00448769251057
-4.48 0.00453278304287
-4.47 0.00457832639155
-4.46 0.00462432709681
-4.45 0.00467078974416
-4.44 0.00471771896483
-4.43 0.00476511943628
-4.42 0.00481299588261
-4.41 0.00486135307502
-4.4 0.00491019583231
-4.39 0.0049595290213
-4.38 0.00500935755733
-4.37 0.00505968640472
-4.36 0.00511052057726
-4.35 0.0051618651387
-4.34 0.00521372520321
-4.33 0.0052661059359
-4.32 0.00531901255332
-4.31 0.00537245032394
-4.3 0.00542642456868
-4.29 0.00548094066139
-4.28 0.00553600402941
-4.27 0.00559162015406
-4.26 0.00564779457116
-4.25 0.0057045328716
-4.24 0.00576184070183
-4.23 0.00581972376441
-4.22 0.0058781878186
-4.21 0.00593723868083
-4.2 0.00599688222533
-4.19 0.00605712438464
-4.18 0.00611797115021
-4.17 0.00617942857293
-4.16 0.00624150276373
-4.15 0.00630419989419
-4.14 0.00636752619704
-4.13 0.00643148796685
-4.12 0.00649609156053
-4.11 0.00656134339803
-4.1 0.00662724996284
-4.09 0.0066938178027
-4.08 0.00676105353013
-4.07 0.00682896382312
-4.06 0.00689755542571
-4.05 0.00696683514866
-4.04 0.00703680987005
-4.03 0.00710748653595
-4.02 0.00717887216105
-4.01 0.00725097382934
-4.0 0.00732379869474
-3.99 0.00739735398177
-3.98 0.00747164698626
-3.97 0.00754668507595
-3.96 0.00762247569124
-3.95 0.00769902634587
-3.94 0.00777634462755
-3.93 0.00785443819875
-3.92 0.00793331479732
-3.91 0.00801298223726
-3.9 0.00809344840941
-3.89 0.00817472128215
-3.88 0.00825680890219
-3.87 0.00833971939523
-3.86 0.00842346096674
-3.85 0.0085080419027
-3.84 0.00859347057034
-3.83 0.00867975541889
-3.82 0.00876690498035
-3.81 0.00885492787028
-3.8 0.00894383278853
-3.79 0.00903362852002
-3.78 0.00912432393558
-3.77 0.00921592799267
-3.76 0.00930844973622
-3.75 0.0094018982994
-3.74 0.00949628290447
-3.73 0.00959161286354
-3.72 0.00968789757943
-3.71 0.00978514654647
-3.7 0.00988336935133
-3.69 0.00998257567388
-3.68 0.010082775288
-3.67 0.0101839780624
-3.66 0.0102861939616
-3.65 0.0103894330466
-3.64 0.010493705476
-3.63 0.0105990215064
-3.62 0.0107053914938
-3.61 0.0108128258944
-3.6 0.010921335265
-3.59 0.0110309302644
-3.58 0.0111416216543
-3.57 0.0112534202996
-3.56 0.0113663371701
-3.55 0.0114803833409
-3.54 0.0115955699934
-3.53 0.0117119084164
-3.52 0.0118294100068
-3.51 0.0119480862707
-3.5 0.012067948824
-3.49 0.012189009394
-3.48 0.0123112798196
-3.47 0.0124347720527
-3.46 0.012559498159
-3.45 0.0126854703191
-3.44 0.0128127008291
-3.43 0.012941202102
-3.42 0.0130709866683
-3.41 0.0132020671774
-3.4 0.013334456398
-3.39 0.0134681672195
-3.38 0.0136032126529
-3.37 0.0137396058316
-3.36 0.0138773600127
-3.35 0.0140164885777
-3.34 0.0141570050336
-3.33 0.0142989230137
-3.32 0.0144422562792
-3.31 0.0145870187193
-3.3 0.014733224353
-3.29 0.0148808873295
-3.28 0.0150300219296
-3.27 0.0151806425665
-3.26 0.0153327637868
-3.25 0.0154864002716
-3.24 0.0156415668373
-3.23 0.015798278437
-3.22 0.015956550161
-3.21 0.016116397238
-3.2 0.0162778350361
-3.19 0.0164408790641
-3.18 0.0166055449718
-3.17 0.0167718485515
-3.16 0.0169398057389
-3.15 0.017109432614
-3.14 0.0172807454021
-3.13 0.0174537604748
-3.12 0.0176284943508
-3.11 0.0178049636972
-3.1 0.0179831853302
-3.09 0.0181631762159
-3.08 0.0183449534716
-3.07 0.0185285343667
-3.06 0.0187139363231
-3.05 0.0189011769169
-3.04 0.0190902738787
-3.03 0.0192812450948
-3.02 0.0194741086079
-3.01 0.0196688826181
-3.0 0.0198655854839
-2.99 0.0200642357226
-2.98 0.0202648520116
-2.97 0.0204674531891
-2.96 0.0206720582546
-2.95 0.0208786863702
-2.94 0.0210873568609
-2.93 0.0212980892157
-2.92 0.0215109030883
-2.91 0.0217258182975
-2.9 0.0219428548283
-2.89 0.0221620328323
-2.88 0.0223833726285
-2.87 0.022606894704
-2.86 0.0228326197144
-2.85 0.0230605684844
-2.84 0.0232907620085
-2.83 0.0235232214516
-2.82 0.0237579681491
-2.81 0.023995023608
-2.8 0.0242344095065
-2.79 0.0244761476952
-2.78 0.024720260197
-2.77 0.0249667692075
-2.76 0.0252156970955
-2.75 0.0254670664031
-2.74 0.0257208998457
-2.73 0.0259772203126
-2.72 0.0262360508667
-2.71 0.0264974147451
-2.7 0.0267613353586
-2.69 0.0270278362919
-2.68 0.0272969413036
-2.67 0.027568674326
-2.66 0.0278430594649
-2.65 0.0281201209995
-2.64 0.0283998833819
-2.63 0.0286823712369
-2.62 0.0289676093614
-2.61 0.0292556227244
-2.6 0.0295464364656
-2.59 0.0298400758956
-2.58 0.0301365664948
-2.57 0.0304359339126
-2.56 0.0307382039667
-2.55 0.031043402642
-2.54 0.0313515560899
-2.53 0.0316626906266
-2.52 0.0319768327327
-2.51 0.032294009051
-2.5 0.032614246386
-2.49 0.0329375717017
-2.48 0.0332640121205
-2.47 0.0335935949211
-2.46 0.0339263475371
-2.45 0.0342622975548
-2.44 0.0346014727112
-2.43 0.034943900892
-2.42 0.035289610129
-2.41 0.0356386285981
-2.4 0.0359909846163
-2.39 0.0363467066396
-2.38 0.0367058232595
-2.37 0.0370683632005
-2.36 0.037434355317
-2.35 0.0378038285897
-2.34 0.0381768121223
-2.33 0.0385533351383
-2.32 0.0389334269764
-2.31 0.0393171170875
-2.3 0.0397044350299
-2.29 0.0400954104653
-2.28 0.0404900731542
-2.27 0.0408884529515
-2.26 0.0412905798012
-2.25 0.0416964837313
-2.24 0.0421061948491
-2.23 0.042519743335
-2.22 0.042937159437
-2.21 0.043358473465
-2.2 0.043783715784
-2.19 0.0442129168082
-2.18 0.044646106994
-2.17 0.0450833168329
-2.16 0.0455245768449
-2.15 0.0459699175701
-2.14 0.0464193695616
-2.13 0.0468729633773
-2.12 0.0473307295713
-2.11 0.0477926986854
-2.1 0.0482589012404
-2.09 0.0487293677261
-2.08 0.0492041285925
-2.07 0.0496832142394
-2.06 0.0501666550062
-2.05 0.0506544811612
-2.04 0.0511467228908
-2.03 0.0516434102882
-2.02 0.0521445733411
-2.01 0.0526502419203
-2.0 0.0531604457668
-1.99 0.0536752144791
-1.98 0.0541945774995
-1.97 0.0547185641008
-1.96 0.0552472033719
-1.95 0.0557805242033
-1.94 0.0563185552717
-1.93 0.0568613250249
-1.92 0.0574088616658
-1.91 0.0579611931355
-1.9 0.0585183470967
-1.89 0.0590803509163
-1.88 0.059647231647
-1.87 0.0602190160093
-1.86 0.0607957303722
-1.85 0.0613774007337
-1.84 0.0619640527008
-1.83 0.0625557114686
-1.82 0.0631524017993
-1.81 0.0637541480001
-1.8 0.0643609739013
-1.79 0.0649729028327
-1.78 0.0655899576002
-1.77 0.0662121604619
-1.76 0.0668395331025
-1.75 0.0674720966086
-1.74 0.0681098714419
-1.73 0.0687528774128
-1.72 0.0694011336526
-1.71 0.0700546585857
-1.7 0.0707134699003
-1.69 0.0713775845192
-1.68 0.0720470185695
-1.67 0.0727217873517
-1.66 0.0734019053076
-1.65 0.0740873859886
-1.64 0.074778242022
-1.63 0.0754744850774
-1.62 0.0761761258323
-1.61 0.0768831739362
-1.6 0.0775956379749
-1.59 0.0783135254337
-1.58 0.0790368426595
-1.57 0.0797655948226
-1.56 0.0804997858776
-1.55 0.0812394185233
-1.54 0.0819844941623
-1.53 0.0827350128594
-1.52 0.0834909732993
-1.51 0.084252372744
-1.5 0.0850192069885
-1.49 0.0857914703169
-1.48 0.0865691554572
-1.47 0.0873522535346
-1.46 0.0881407540258
-1.45 0.0889346447109
-1.44 0.0897339116256
-1.43 0.090538539012
-1.42 0.0913485092699
-1.41 0.0921638029055
-1.4 0.0929843984818
-1.39 0.093810272566
-1.38 0.0946413996782
-1.37 0.0954777522385
-1.36 0.0963193005136
-1.35 0.0971660125632
-1.34 0.0980178541857
-1.33 0.0988747888635
-1.32 0.0997367777077
-1.31 0.100603779402
-1.3 0.101475750148
-1.29 0.102352643607
-1.28 0.103234410846
-1.27 0.104121000277
-1.26 0.105012357603
-1.25 0.105908425761
-1.24 0.106809144862
-1.23 0.107714452136
-1.22 0.108624281872
-1.21 0.109538565365
-1.2 0.110457230856
-1.19 0.111380203472
-1.18 0.112307405177
-1.17 0.113238754709
-1.16 0.114174167527
-1.15 0.115113555755
-1.14 0.116056828128
-1.13 0.117003889936
-1.12 0.117954642974
-1.11 0.118908985485
-1.1 0.119866812114
-1.09 0.120828013853
-1.08 0.121792477992
-1.07 0.122760088076
-1.06 0.123730723851
-1.05 0.124704261227
-1.04 0.125680572226
-1.03 0.126659524948
-1.02 0.127640983526
-1.01 0.128624808091
-1.0 0.129610854733
-0.99 0.130598975472
-0.98 0.131589018223
-0.97 0.13258082677
-0.96 0.133574240737
-0.95 0.134569095568
-0.94 0.135565222504
-0.93 0.13656244857
-0.92 0.137560596555
-0.91 0.138559485006
-0.9 0.13955892822
-0.89 0.140558736239
-0.88 0.141558714853
-0.87 0.142558665601
-0.86 0.143558385784
-0.85 0.144557668474
-0.84 0.145556302531
-0.83 0.146554072629
-0.82 0.147550759278
-0.81 0.148546138856
-0.8 0.149539983647
-0.79 0.150532061883
-0.78 0.151522137787
-0.77 0.152509971628
-0.76 0.153495319777
-0.75 0.154477934771
-0.74 0.155457565383
-0.73 0.156433956693
-0.72 0.157406850172
-0.71 0.158375983768
-0.7 0.159341091999
-0.69 0.16030190605
-0.68 0.161258153881
-0.67 0.162209560338
-0.66 0.163155847269
-0.65 0.164096733651
-0.64 0.165031935721
-0.63 0.16596116711
-0.62 0.16688413899
-0.61 0.167800560225
-0.6 0.168710137524
-0.59 0.16961257561
-0.58 0.170507577381
-0.57 0.171394844097
-0.56 0.17227407555
-0.55 0.173144970264
-0.54 0.174007225679
-0.53 0.174860538359
-0.52 0.175704604194
-0.51 0.176539118611
-0.5 0.177363776794
-0.49 0.178178273904
-0.48 0.178982305306
-0.47 0.179775566803
-0.46 0.180557754871
-0.45 0.181328566902
-0.44 0.182087701446
-0.43 0.182834858462
-0.42 0.18356973957
-0.41 0.184292048307
-0.4 0.185001490381
-0.39 0.185697773939
-0.38 0.186380609824
-0.37 0.187049711841
-0.36 0.187704797023
-0.35 0.188345585897
-0.34 0.188971802753
-0.33 0.189583175908
-0.32 0.190179437976
-0.31 0.190760326133
-0.3 0.19132558238
-0.29 0.191874953809
-0.28 0.192408192861
-0.27 0.192925057587
-0.26 0.1934253119
-0.25 0.193908725828
-0.24 0.194375075763
-0.23 0.194824144701
-0.22 0.195255722482
-0.21 0.195669606019
-0.2 0.196065599529
-0.19 0.19644351475
-0.18 0.196803171154
-0.17 0.197144396156
-0.16 0.197467025306
-0.15 0.197770902487
-0.14 0.198055880089
-0.13 0.198321819186
-0.12 0.198568589698
-0.11 0.198796070545
-0.1 0.199004149791
-0.0900000000001 0.199192724775
-0.0800000000001 0.199361702236
-0.0700000000001 0.199510998427
-0.0600000000001 0.199640539211
-0.0500000000001 0.199750260152
-0.0400000000001 0.199840106597
-0.0300000000001 0.199910033738
-0.0200000000001 0.199960006666
-0.0100000000001 0.199990000417
0.0 0.2
0.00999999999994 0.199990000417
0.0199999999999 0.199960006666
0.0299999999999 0.199910033738
0.0399999999999 0.199840106597
0.0499999999999 0.199750260152
0.0599999999999 0.199640539211
0.0699999999999 0.199510998427
0.0799999999999 0.199361702236
0.0899999999999 0.199192724775
0.0999999999999 0.199004149791
0.11 0.198796070545
0.12 0.198568589698
0.13 0.198321819186
0.14 0.198055880089
0.15 0.197770902487
0.16 0.197467025306
0.17 0.197144396156
0.18 0.196803171154
0.19 0.19644351475
0.2 0.196065599529
0.21 0.195669606019
0.22 0.195255722482
0.23 0.194824144701
0.24 0.194375075763
0.25 0.193908725828
0.26 0.1934253119
0.27 0.192925057587
0.28 0.192408192861
0.29 0.191874953809
0.3 0.19132558238
0.31 0.190760326133
0.32 0.190179437976
0.33 0.189583175908
0.34 0.188971802753
0.35 0.188345585897
0.36 0.187704797023
0.37 0.187049711841
0.38 0.186380609824
0.39 0.185697773939
0.4 0.185001490381
0.41 0.184292048307
0.42 0.18356973957
0.43 0.182834858462
0.44 0.182087701446
0.45 0.181328566902
0.46 0.180557754871
0.47 0.179775566803
0.48 0.178982305306
0.49 0.178178273904
0.5 0.177363776794
0.51 0.176539118611
0.52 0.175704604194
0.53 0.174860538359
0.54 0.174007225679
0.55 0.173144970264
0.56 0.17227407555
0.57 0.171394844097
0.58 0.170507577381
0.59 0.16961257561
0.6 0.168710137524
0.61 0.167800560225
0.62 0.16688413899
0.63 0.16596116711
0.64 0.165031935721
0.65 0.164096733651
0.66 0.163155847269
0.67 0.162209560338
0.68 0.161258153881
0.69 0.16030190605
0.7 0.159341091999
0.71 0.158375983768
0.72 0.157406850172
0.73 0.156433956693
0.74 0.155457565383
0.75 0.154477934771
0.76 0.153495319777
0.77 0.152509971628
0.78 0.151522137788
0.79 0.150532061884
0.8 0.149539983648
0.81 0.148546138856
0.82 0.147550759278
0.83 0.146554072629
0.84 0.145556302531
0.85 0.144557668474
0.86 0.143558385784
0.87 0.142558665601
0.88 0.141558714853
0.89 0.140558736239
0.9 0.13955892822
0.91 0.138559485006
0.92 0.137560596555
0.93 0.13656244857
0.94 0.135565222505
0.95 0.134569095568
0.96 0.133574240737
0.97 0.13258082677
0.98 0.131589018223
0.99 0.130598975472
1.0 0.129610854733
1.01 0.128624808091
1.02 0.127640983526
1.03 0.126659524948
1.04 0.125680572226
1.05 0.124704261227
1.06 0.123730723851
1.07 0.122760088076
1.08 0.121792477992
1.09 0.120828013853
1.1 0.119866812114
1.11 0.118908985485
1.12 0.117954642974
1.13 0.117003889936
1.14 0.116056828128
1.15 0.115113555755
1.16 0.114174167527
1.17 0.113238754709
1.18 0.112307405177
1.19 0.111380203472
1.2 0.110457230856
1.21 0.109538565365
1.22 0.108624281872
1.23 0.107714452136
1.24 0.106809144862
1.25 0.105908425761
1.26 0.105012357603
1.27 0.104121000277
1.28 0.103234410846
1.29 0.102352643607
1.3 0.101475750148
1.31 0.100603779402
1.32 0.0997367777077
1.33 0.0988747888636
1.34 0.0980178541857
1.35 0.0971660125632
1.36 0.0963193005136
1.37 0.0954777522385
1.38 0.0946413996783
1.39 0.093810272566
1.4 0.0929843984818
1.41 0.0921638029056
1.42 0.0913485092699
1.43 0.0905385390121
1.44 0.0897339116256
1.45 0.088934644711
1.46 0.0881407540259
1.47 0.0873522535347
1.48 0.0865691554572
1.49 0.085791470317
1.5 0.0850192069885
1.51 0.084252372744
1.52 0.0834909732994
1.53 0.0827350128594
1.54 0.0819844941624
1.55 0.0812394185233
1.56 0.0804997858776
1.57 0.0797655948226
1.58 0.0790368426595
1.59 0.0783135254337
1.6 0.0775956379749
1.61 0.0768831739362
1.62 0.0761761258323
1.63 0.0754744850775
1.64 0.074778242022
1.65 0.0740873859886
1.66 0.0734019053076
1.67 0.0727217873517
1.68 0.0720470185696
1.69 0.0713775845192
1.7 0.0707134699003
1.71 0.0700546585857
1.72 0.0694011336526
1.73 0.0687528774128
1.74 0.0681098714419
1.75 0.0674720966086
1.76 0.0668395331025
1.77 0.0662121604619
1.78 0.0655899576002
1.79 0.0649729028327
1.8 0.0643609739013
1.81 0.0637541480001
1.82 0.0631524017993
1.83 0.0625557114686
1.84 0.0619640527008
1.85 0.0613774007337
1.86 0.0607957303722
1.87 0.0602190160093
1.88 0.059647231647
1.89 0.0590803509163
1.9 0.0585183470968
1.91 0.0579611931355
1.92 0.0574088616658
1.93 0.056861325025
1.94 0.0563185552717
1.95 0.0557805242033
1.96 0.055247203372
1.97 0.0547185641008
1.98 0.0541945774995
1.99 0.0536752144791
2.0 0.0531604457668
2.01 0.0526502419203
2.02 0.0521445733411
2.03 0.0516434102882
2.04 0.0511467228909
2.05 0.0506544811612
2.06 0.0501666550062
2.07 0.0496832142394
2.08 0.0492041285925
2.09 0.0487293677261
2.1 0.0482589012404
2.11 0.0477926986855
2.12 0.0473307295713
2.13 0.0468729633773
2.14 0.0464193695616
2.15 0.0459699175701
2.16 0.0455245768449
2.17 0.0450833168329
2.18 0.044646106994
2.19 0.0442129168082
2.2 0.043783715784
2.21 0.043358473465
2.22 0.0429371594371
2.23 0.042519743335
2.24 0.0421061948491
2.25 0.0416964837313
2.26 0.0412905798012
2.27 0.0408884529516
2.28 0.0404900731543
2.29 0.0400954104653
2.3 0.0397044350299
2.31 0.0393171170875
2.32 0.0389334269764
2.33 0.0385533351383
2.34 0.0381768121224
2.35 0.0378038285897
2.36 0.037434355317
2.37 0.0370683632005
2.38 0.0367058232595
2.39 0.0363467066396
2.4 0.0359909846163
2.41 0.0356386285981
2.42 0.035289610129
2.43 0.034943900892
2.44 0.0346014727112
2.45 0.0342622975548
2.46 0.0339263475371
2.47 0.0335935949211
2.48 0.0332640121205
2.49 0.0329375717017
2.5 0.032614246386
2.51 0.032294009051
2.52 0.0319768327327
2.53 0.0316626906267
2.54 0.0313515560899
2.55 0.031043402642
2.56 0.0307382039667
2.57 0.0304359339126
2.58 0.0301365664948
2.59 0.0298400758956
2.6 0.0295464364656
2.61 0.0292556227244
2.62 0.0289676093614
2.63 0.0286823712369
2.64 0.0283998833819
2.65 0.0281201209995
2.66 0.0278430594649
2.67 0.027568674326
2.68 0.0272969413036
2.69 0.0270278362919
2.7 0.0267613353586
2.71 0.0264974147451
2.72 0.0262360508667
2.73 0.0259772203126
2.74 0.0257208998457
2.75 0.0254670664031
2.76 0.0252156970955
2.77 0.0249667692075
2.78 0.024720260197
2.79 0.0244761476952
2.8 0.0242344095065
2.81 0.023995023608
2.82 0.0237579681491
2.83 0.0235232214516
2.84 0.0232907620085
2.85 0.0230605684844
2.86 0.0228326197144
2.87 0.022606894704
2.88 0.0223833726286
2.89 0.0221620328323
2.9 0.0219428548283
2.91 0.0217258182975
2.92 0.0215109030883
2.93 0.0212980892158
2.94 0.0210873568609
2.95 0.0208786863702
2.96 0.0206720582546
2.97 0.0204674531891
2.98 0.0202648520116
2.99 0.0200642357226
3.0 0.0198655854839
3.01 0.0196688826181
3.02 0.0194741086079
3.03 0.0192812450948
3.04 0.0190902738787
3.05 0.0189011769169
3.06 0.0187139363231
3.07 0.0185285343667
3.08 0.0183449534716
3.09 0.0181631762159
3.1 0.0179831853302
3.11 0.0178049636972
3.12 0.0176284943508
3.13 0.0174537604748
3.14 0.0172807454021
3.15 0.017109432614
3.16 0.0169398057389
3.17 0.0167718485515
3.18 0.0166055449718
3.19 0.0164408790641
3.2 0.0162778350362
3.21 0.016116397238
3.22 0.015956550161
3.23 0.015798278437
3.24 0.0156415668373
3.25 0.0154864002716
3.26 0.0153327637868
3.27 0.0151806425665
3.28 0.0150300219296
3.29 0.0148808873295
3.3 0.014733224353
3.31 0.0145870187193
3.32 0.0144422562792
3.33 0.0142989230137
3.34 0.0141570050336
3.35 0.0140164885777
3.36 0.0138773600127
3.37 0.0137396058316
3.38 0.0136032126529
3.39 0.0134681672195
3.4 0.013334456398
3.41 0.0132020671774
3.42 0.0130709866683
3.43 0.012941202102
3.44 0.0128127008291
3.45 0.0126854703191
3.46 0.012559498159
3.47 0.0124347720527
3.48 0.0123112798196
3.49 0.012189009394
3.5 0.012067948824
3.51 0.0119480862707
3.52 0.0118294100068
3.53 0.0117119084164
3.54 0.0115955699934
3.55 0.0114803833409
3.56 0.0113663371701
3.57 0.0112534202996
3.58 0.0111416216543
3.59 0.0110309302645
3.6 0.010921335265
3.61 0.0108128258944
3.62 0.0107053914938
3.63 0.0105990215064
3.64 0.010493705476
3.65 0.0103894330466
3.66 0.0102861939616
3.67 0.0101839780624
3.68 0.010082775288
3.69 0.00998257567388
3.7 0.00988336935133
3.71 0.00978514654647
3.72 0.00968789757943
3.73 0.00959161286355
3.74 0.00949628290447
3.75 0.00940189829941
3.76 0.00930844973622
3.77 0.00921592799267
3.78 0.00912432393558
3.79 0.00903362852003
3.8 0.00894383278853
3.81 0.00885492787028
3.82 0.00876690498036
3.83 0.00867975541889
3.84 0.00859347057034
3.85 0.00850804190271
3.86 0.00842346096675
3.87 0.00833971939523
3.88 0.00825680890219
3.89 0.00817472128216
3.9 0.00809344840941
3.91 0.00801298223726
3.92 0.00793331479732
3.93 0.00785443819875
3.94 0.00777634462756
3.95 0.00769902634587
3.96 0.00762247569125
3.97 0.00754668507595
3.98 0.00747164698626
3.99 0.00739735398177
4.0 0.00732379869474
4.01 0.00725097382934
4.02 0.00717887216105
4.03 0.00710748653595
4.04 0.00703680987005
4.05 0.00696683514866
4.06 0.00689755542571
4.07 0.00682896382312
4.08 0.00676105353013
4.09 0.0066938178027
4.1 0.00662724996284
4.11 0.00656134339803
4.12 0.00649609156054
4.13 0.00643148796685
4.14 0.00636752619704
4.15 0.00630419989419
4.16 0.00624150276373
4.17 0.00617942857293
4.18 0.00611797115021
4.19 0.00605712438465
4.2 0.00599688222533
4.21 0.00593723868083
4.22 0.0058781878186
4.23 0.00581972376442
4.24 0.00576184070183
4.25 0.0057045328716
4.26 0.00564779457116
4.27 0.00559162015406
4.28 0.00553600402941
4.29 0.00548094066139
4.3 0.00542642456868
4.31 0.00537245032395
4.32 0.00531901255333
4.33 0.00526610593591
4.34 0.00521372520321
4.35 0.0051618651387
4.36 0.00511052057727
4.37 0.00505968640472
4.38 0.00500935755733
4.39 0.0049595290213
4.4 0.00491019583231
4.41 0.00486135307502
4.42 0.00481299588261
4.43 0.00476511943628
4.44 0.00471771896483
4.45 0.00467078974416
4.46 0.00462432709682
4.47 0.00457832639155
4.48 0.00453278304287
4.49 0.00448769251057
4.5 0.00444305029933
4.51 0.00439885195824
4.52 0.00435509308039
4.53 0.00431176930244
4.54 0.00426887630416
4.55 0.00422640980807
4.56 0.00418436557899
4.57 0.0041427394236
4.58 0.00410152719008
4.59 0.00406072476767
4.6 0.00402032808631
4.61 0.00398033311617
4.62 0.00394073586733
4.63 0.00390153238935
4.64 0.0038627187709
4.65 0.00382429113934
4.66 0.00378624566041
4.67 0.00374857853778
4.68 0.00371128601273
4.69 0.00367436436377
4.7 0.00363780990625
4.71 0.00360161899203
4.72 0.00356578800909
4.73 0.00353031338121
4.74 0.0034951915676
4.75 0.00346041906255
4.76 0.00342599239509
4.77 0.00339190812864
4.78 0.0033581628607
4.79 0.00332475322247
4.8 0.00329167587856
4.81 0.00325892752664
4.82 0.00322650489711
4.83 0.0031944047528
4.84 0.00316262388864
4.85 0.00313115913132
4.86 0.00310000733901
4.87 0.00306916540106
4.88 0.00303863023764
4.89 0.00300839879947
4.9 0.00297846806755
4.91 0.00294883505279
4.92 0.00291949679578
4.93 0.00289045036644
4.94 0.0028616928638
4.95 0.00283322141564
4.96 0.00280503317826
4.97 0.00277712533617
4.98 0.00274949510183
4.99 0.00272213971536
5.0 0.00269505644426
