-5.0 0.00268839273879
-4.99 0.00271527341909
-4.98 0.00274242006282
-4.97 0.00276983521605
-4.96 0.00279752144656
-4.95 0.00282548134405
-4.94 0.00285371752014
-4.93 0.00288223260855
-4.92 0.00291102926513
-4.91 0.00294011016801
-4.9 0.00296947801766
-4.89 0.00299913553698
-4.88 0.00302908547139
-4.87 0.00305933058891
-4.86 0.00308987368025
-4.85 0.00312071755886
-4.84 0.00315186506102
-4.83 0.00318331904591
-4.82 0.00321508239565
-4.81 0.00324715801537
-4.8 0.00327954883328
-4.79 0.0033122578007
-4.78 0.00334528789211
-4.77 0.00337864210519
-4.76 0.00341232346086
-4.75 0.00344633500328
-4.74 0.00348067979992
-4.73 0.00351536094154
-4.72 0.00355038154223
-4.71 0.00358574473937
-4.7 0.00362145369368
-4.69 0.00365751158918
-4.68 0.00369392163317
-4.67 0.00373068705624
-4.66 0.00376781111219
-4.65 0.00380529707804
-4.64 0.00384314825395
-4.63 0.00388136796318
-4.62 0.00391995955199
-4.61 0.00395892638963
-4.6 0.00399827186821
-4.59 0.00403799940262
-4.58 0.00407811243039
-4.57 0.00411861441167
-4.56 0.00415950882899
-4.55 0.00420079918719
-4.54 0.00424248901329
-4.53 0.00428458185626
-4.52 0.00432708128689
-4.51 0.00436999089762
-4.5 0.00441331430231
-4.49 0.00445705513603
-4.48 0.00450121705485
-4.47 0.00454580373557
-4.46 0.0045908188755
-4.45 0.00463626619216
-4.44 0.004682149423
-4.43 0.00472847232508
-4.42 0.00477523867477
-4.41 0.00482245226741
-4.4 0.00487011691691
-4.39 0.00491823645541
-4.38 0.00496681473289
-4.37 0.00501585561672
-4.36 0.00506536299123
-4.35 0.00511534075727
-4.34 0.00516579283169
-4.33 0.0052167231469
-4.32 0.00526813565026
-4.31 0.00532003430359
-4.3 0.00537242308256
-4.29 0.00542530597612
-4.28 0.00547868698584
-4.27 0.00553257012524
-4.26 0.00558695941919
-4.25 0.00564185890308
-4.24 0.00569727262218
-4.23 0.00575320463081
-4.22 0.00580965899157
-4.21 0.00586663977447
-4.2 0.0059241510561
-4.19 0.00598219691871
-4.18 0.00604078144927
-4.17 0.00609990873853
-4.16 0.00615958287996
-4.15 0.00621980796875
-4.14 0.00628058810072
-4.13 0.00634192737118
-4.12 0.00640382987376
-4.11 0.00646629969925
-4.1 0.0065293409343
-4.09 0.00659295766015
-4.08 0.00665715395132
-4.07 0.00672193387418
-4.06 0.00678730148556
-4.05 0.00685326083123
-4.04 0.00691981594443
-4.03 0.00698697084424
-4.02 0.007054729534
-4.01 0.00712309599957
-4.0 0.00719207420764
-3.99 0.00726166810392
-3.98 0.00733188161129
-3.97 0.00740271862791
-3.96 0.00747418302521
-3.95 0.00754627864591
-3.94 0.00761900930191
-3.93 0.00769237877214
-3.92 0.00776639080033
-3.91 0.00784104909275
-3.9 0.00791635731584
-3.89 0.00799231909379
-3.88 0.00806893800605
-3.87 0.00814621758478
-3.86 0.0082241613122
-3.85 0.0083027726179
-3.84 0.00838205487602
-3.83 0.00846201140241
-3.82 0.00854264545168
-3.81 0.0086239602142
-3.8 0.00870595881295
-3.79 0.00878864430038
-3.78 0.00887201965512
-3.77 0.00895608777862
-3.76 0.00904085149169
-3.75 0.00912631353101
-3.74 0.00921247654549
-3.73 0.00929934309253
-3.72 0.00938691563426
-3.71 0.00947519653361
-3.7 0.00956418805034
-3.69 0.00965389233693
-3.68 0.00974431143442
-3.67 0.00983544726808
-3.66 0.0099273016431
-3.65 0.0100198762401
-3.64 0.0101131726103
-3.63 0.0102071921715
-3.62 0.0103019362023
-3.61 0.0103974058382
-3.6 0.0104936020659
-3.59 0.0105905257187
-3.58 0.0106881774708
-3.57 0.0107865578323
-3.56 0.010885667144
-3.55 0.0109855055714
-3.54 0.0110860730994
-3.53 0.0111873695263
-3.52 0.0112893944584
-3.51 0.0113921473035
-3.5 0.0114956272655
-3.49 0.0115998333376
-3.48 0.0117047642965
-3.47 0.0118104186959
-3.46 0.0119167948601
-3.45 0.0120238908772
-3.44 0.0121317045929
-3.43 0.0122402336032
-3.42 0.0123494752482
-3.41 0.0124594266045
-3.4 0.0125700844787
-3.39 0.0126814453999
-3.38 0.0127935056129
-3.37 0.0129062610706
-3.36 0.0130197074266
-3.35 0.0131338400281
-3.34 0.0132486539082
-3.33 0.0133641437783
-3.32 0.0134803040204
-3.31 0.0135971286797
-3.3 0.0137146114565
-3.29 0.0138327456988
-3.28 0.0139515243942
-3.27 0.014070940162
-3.26 0.0141909852454
-3.25 0.0143116515038
-3.24 0.0144329304046
-3.23 0.0145548130151
-3.22 0.0146772899953
-3.21 0.0148003515891
-3.2 0.014923987617
-3.19 0.015048187468
-3.18 0.0151729400916
-3.17 0.0152982339907
-3.16 0.0154240572129
-3.15 0.0155503973437
-3.14 0.0156772414984
-3.13 0.0158045763148
-3.12 0.0159323879461
-3.11 0.016060662053
-3.1 0.0161893837973
-3.09 0.0163185378345
-3.08 0.0164481083071
-3.07 0.0165780788378
-3.06 0.0167084325237
-3.05 0.0168391519291
-3.04 0.0169702190803
-3.03 0.0171016154593
-3.02 0.0172333219989
-3.01 0.0173653190766
-3.0 0.0174975865105
-2.99 0.017630103554
-2.98 0.0177628488919
-2.97 0.0178958006364
-2.96 0.0180289363232
-2.95 0.0181622329087
-2.94 0.0182956667669
-2.93 0.0184292136872
-2.92 0.0185628488721
-2.91 0.0186965469364
-2.9 0.0188302819054
-2.89 0.0189640272152
-2.88 0.0190977557121
-2.87 0.0192314396535
-2.86 0.0193650507093
-2.85 0.019498559963
-2.84 0.0196319379147
-2.83 0.0197651544836
-2.82 0.0198981790121
-2.81 0.0200309802697
-2.8 0.0201635264581
-2.79 0.0202957852171
-2.78 0.0204277236308
-2.77 0.0205593082346
-2.76 0.0206905050238
-2.75 0.0208212794614
-2.74 0.0209515964883
-2.73 0.0210814205333
-2.72 0.0212107155241
-2.71 0.0213394448995
-2.7 0.0214675716222
-2.69 0.0215950581921
-2.68 0.0217218666614
-2.67 0.0218479586495
-2.66 0.0219732953593
-2.65 0.0220978375947
-2.64 0.0222215457784
-2.63 0.0223443799709
-2.62 0.0224662998905
-2.61 0.0225872649337
-2.6 0.022707234197
-2.59 0.0228261664996
-2.58 0.0229440204065
-2.57 0.0230607542529
-2.56 0.0231763261693
-2.55 0.0232906941076
-2.54 0.0234038158677
-2.53 0.023515649125
-2.52 0.0236261514594
-2.51 0.0237352803839
-2.5 0.0238429933747
-2.49 0.0239492479021
-2.48 0.0240540014615
-2.47 0.0241572116059
-2.46 0.0242588359778
-2.45 0.0243588323435
-2.44 0.024457158626
-2.43 0.0245537729399
-2.42 0.024648633626
-2.41 0.0247416992864
-2.4 0.0248329288207
-2.39 0.0249222814612
-2.38 0.0250097168101
-2.37 0.025095194875
-2.36 0.0251786761065
-2.35 0.0252601214344
-2.34 0.0253394923049
-2.33 0.0254167507174
-2.32 0.0254918592616
-2.31 0.0255647811536
-2.3 0.0256354802734
-2.29 0.0257039212005
-2.28 0.0257700692502
-2.27 0.0258338905094
-2.26 0.0258953518718
-2.25 0.0259544210723
-2.24 0.026011066722
-2.23 0.0260652583408
-2.22 0.0261169663912
-2.21 0.0261661623097
-2.2 0.0262128185388
-2.19 0.0262569085569
-2.18 0.0262984069079
-2.17 0.0263372892302
-2.16 0.0263735322834
-2.15 0.0264071139753
-2.14 0.0264380133866
-2.13 0.0264662107951
-2.12 0.0264916876982
-2.11 0.0265144268346
-2.1 0.0265344122036
-2.09 0.0265516290843
-2.08 0.0265660640526
-2.07 0.0265777049964
-2.06 0.0265865411303
-2.05 0.0265925630075
-2.04 0.0265957625314
-2.03 0.0265961329644
-2.02 0.0265936689361
-2.01 0.026588366449
-2.0 0.0265802228831
-1.99 0.0265692369986
-1.98 0.0265554089371
-1.97 0.0265387402209
-1.96 0.0265192337507
-1.95 0.0264968938019
-1.94 0.0264717260188
-1.93 0.0264437374074
-1.92 0.0264129363267
-1.91 0.0263793324781
-1.9 0.0263429368935
-1.89 0.0263037619216
-1.88 0.0262618212128
-1.87 0.0262171297028
-1.86 0.0261697035942
-1.85 0.0261195603375
-1.84 0.0260667186099
-1.83 0.0260111982935
-1.82 0.0259530204515
-1.81 0.0258922073041
-1.8 0.0258287822023
-1.79 0.025762769601
-1.78 0.0256941950316
-1.77 0.0256230850722
-1.76 0.0255494673187
-1.75 0.0254733703532
-1.74 0.025394823713
-1.73 0.0253138578582
-1.72 0.0252305041384
-1.71 0.0251447947597
-1.7 0.0250567627501
-1.69 0.0249664419251
-1.68 0.0248738668526
-1.67 0.0247790728175
-1.66 0.0246820957862
-1.65 0.0245829723704
-1.64 0.0244817397912
-1.63 0.0243784358429
-1.62 0.0242730988571
-1.61 0.0241657676661
-1.6 0.0240564815669
-1.59 0.0239452802855
-1.58 0.0238322039408
-1.57 0.0237172930095
-1.56 0.0236005882906
-1.55 0.0234821308705
-1.54 0.0233619620887
-1.53 0.0232401235039
-1.52 0.0231166568603
-1.51 0.0229916040545
-1.5 0.0228650071034
-1.49 0.0227369081123
-1.48 0.0226073492437
-1.47 0.0224763726866
-1.46 0.0223440206271
-1.45 0.0222103352194
-1.44 0.0220753585571
-1.43 0.0219391326461
-1.42 0.0218016993778
-1.41 0.0216631005032
-1.4 0.0215233776079
-1.39 0.0213825720882
-1.38 0.0212407251275
-1.37 0.0210978776741
-1.36 0.0209540704194
-1.35 0.0208093437779
-1.34 0.0206637378669
-1.33 0.0205172924878
-1.32 0.0203700471085
-1.31 0.0202220408459
-1.3 0.0200733124505
-1.29 0.0199239002903
-1.28 0.0197738423371
-1.27 0.0196231761529
-1.26 0.0194719388773
-1.25 0.0193201672155
-1.24 0.0191678974279
-1.23 0.0190151653198
-1.22 0.0188620062321
-1.21 0.018708455033
-1.2 0.0185545461102
-1.19 0.0184003133644
-1.18 0.0182457902028
-1.17 0.0180910095339
-1.16 0.0179360037628
-1.15 0.0177808047874
-1.14 0.0176254439947
-1.13 0.0174699522587
-1.12 0.017314359938
-1.11 0.0171586968745
-1.1 0.0170029923928
-1.09 0.0168472752998
-1.08 0.0166915738849
-1.07 0.016535915921
-1.06 0.016380328666
-1.05 0.0162248388643
-1.04 0.0160694727491
-1.03 0.0159142560454
-1.02 0.0157592139728
-1.01 0.0156043712492
-1.0 0.0154497520945
-0.99 0.015295380235
-0.98 0.0151412789077
-0.97 0.0149874708653
-0.96 0.0148339783814
-0.95 0.0146808232555
-0.94 0.014528026819
-0.93 0.0143756099409
-0.92 0.0142235930336
-0.91 0.0140719960593
-0.9 0.0139208385364
-0.89 0.0137701395457
-0.88 0.0136199177375
-0.87 0.0134701913377
-0.86 0.0133209781551
-0.85 0.0131722955878
-0.84 0.0130241606308
-0.83 0.0128765898819
-0.82 0.0127295995499
-0.81 0.0125832054606
-0.8 0.012437423064
-0.79 0.0122922674416
-0.78 0.0121477533128
-0.77 0.0120038950421
-0.76 0.0118607066457
-0.75 0.0117182017982
-0.74 0.0115763938393
-0.73 0.0114352957803
-0.72 0.0112949203103
-0.71 0.0111552798029
-0.7 0.011016386322
-0.69 0.010878251628
-0.68 0.0107408871836
-0.67 0.0106043041594
-0.66 0.01046851344
-0.65 0.0103335256286
-0.64 0.010199351053
-0.63 0.01006599977
-0.62 0.0099334815707
-0.61 0.00980180598507
-0.6 0.00967098228637
-0.59 0.00954101949545
-0.58 0.00941192638493
-0.57 0.00928371148302
-0.56 0.00915638307725
-0.55 0.00902994921796
-0.54 0.00890441772159
-0.53 0.00877979617376
-0.52 0.00865609193219
-0.51 0.00853331212935
-0.5 0.00841146367498
-0.49 0.00829055325833
-0.48 0.00817058735032
-0.47 0.00805157220539
-0.46 0.00793351386325
-0.45 0.00781641815038
-0.44 0.0077002906814
-0.43 0.00758513686024
-0.42 0.00747096188115
-0.41 0.00735777072954
-0.4 0.00724556818265
-0.39 0.00713435881009
-0.38 0.00702414697425
-0.37 0.00691493683053
-0.36 0.00680673232745
-0.35 0.00669953720671
-0.34 0.00659335500298
-0.33 0.0064881890438
-0.32 0.00638404244918
-0.31 0.00628091813125
-0.3 0.00617881879374
-0.29 0.00607774693152
-0.28 0.00597770482991
-0.27 0.00587869456409
-0.26 0.0057807179984
-0.25 0.00568377678559
-0.24 0.00558787236616
-0.23 0.00549300596755
-0.22 0.00539917860345
-0.21 0.00530639107301
-0.2 0.00521464396022
-0.19 0.00512393763315
-0.18 0.00503427224337
-0.17 0.00494564772534
-0.16 0.00485806379591
-0.15 0.00477151995382
-0.14 0.00468601547937
-0.13 0.00460154943411
-0.12 0.00451812066062
-0.11 0.00443572778246
-0.1 0.00435436920415
-0.0900000000001 0.00427404311132
-0.0800000000001 0.00419474747096
-0.0700000000001 0.00411648003181
-0.0600000000001 0.00403923832488
-0.0500000000001 0.00396301966415
-0.0400000000001 0.00388782114733
-0.0300000000001 0.00381363965687
-0.0200000000001 0.00374047186108
-0.0100000000001 0.00366831421539
0.0 0.00359716296381
0.00999999999994 0.00352701414056
0.0199999999999 0.00345786357183
0.0299999999999 0.00338970687773
0.0399999999999 0.00332253947442
0.0499999999999 0.00325635657641
0.0599999999999 0.00319115319899
0.0699999999999 0.00312692416089
0.0799999999999 0.00306366408709
0.0899999999999 0.00300136741177
0.0999999999999 0.00294002838144
0.11 0.00287964105827
0.12 0.00282019932351
0.13 0.00276169688115
0.14 0.00270412726166
0.15 0.00264748382588
0.16 0.00259175976916
0.17 0.00253694812546
0.18 0.00248304177178
0.19 0.00243003343253
0.2 0.00237791568417
0.21 0.00232668095987
0.22 0.00227632155433
0.23 0.00222682962866
0.24 0.0021781972154
0.25 0.00213041622358
0.26 0.00208347844389
0.27 0.00203737555391
0.28 0.00199209912337
0.29 0.00194764061955
0.3 0.00190399141265
0.31 0.00186114278118
0.32 0.0018190859175
0.33 0.00177781193324
0.34 0.00173731186484
0.35 0.00169757667903
0.36 0.00165859727836
0.37 0.00162036450668
0.38 0.00158286915461
0.39 0.00154610196505
0.4 0.00151005363852
0.41 0.00147471483863
0.42 0.00144007619738
0.43 0.00140612832045
0.44 0.00137286179244
0.45 0.00134026718205
0.46 0.00130833504717
0.47 0.00127705593987
0.48 0.00124642041139
0.49 0.00121641901695
0.5 0.00118704232056
0.51 0.00115828089962
0.52 0.00113012534955
0.53 0.00110256628819
0.54 0.0010755943602
0.55 0.00104920024127
0.56 0.00102337464226
0.57 0.000998108313199
0.58 0.000973392047183
0.59 0.000949216684126
0.6 0.000925573114413
0.61 0.000902452282409
0.62 0.000879845189853
0.63 0.000857742899112
0.64 0.000836136536318
0.65 0.000815017294365
0.66 0.000794376435785
0.67 0.000774205295488
0.68 0.000754495283372
0.69 0.000735237886813
0.7 0.000716424673011
0.71 0.000698047291224
0.72 0.000680097474863
0.73 0.000662567043469
0.74 0.000645447904562
0.75 0.000628732055366
0.76 0.000612411584423
0.77 0.000596478673071
0.78 0.000580925596822
0.79 0.000565744726616
0.8 0.000550928529959
0.81 0.000536469571961
0.82 0.000522360516262
0.83 0.000508594125844
0.84 0.000495163263755
0.85 0.000482060893721
0.86 0.000469280080668
0.87 0.000456813991143
0.88 0.000444655893652
0.89 0.000432799158899
0.9 0.000421237259947
0.91 0.000409963772292
0.92 0.000398972373858
0.93 0.000388256844914
0.94 0.000377811067917
0.95 0.000367629027286
0.96 0.000357704809103
0.97 0.000348032600751
0.98 0.000338606690491
0.99 0.000329421466975
1.0 0.000320471418706
1.01 0.00031175113344
1.02 0.000303255297541
1.03 0.000294978695282
1.04 0.000286916208103
1.05 0.000279062813825
1.06 0.000271413585824
1.07 0.000263963692161
1.08 0.000256708394684
1.09 0.00024964304809
1.1 0.000242763098961
1.11 0.000236064084762
1.12 0.00022954163282
1.13 0.00022319145928
1.14 0.000217009368028
1.15 0.0002109912496
1.16 0.000205133080076
1.17 0.000199430919949
1.18 0.00019388091298
1.19 0.000188479285048
1.2 0.000183222342978
1.21 0.000178106473364
1.22 0.000173128141384
1.23 0.000168283889604
1.24 0.000163570336783
1.25 0.000158984176668
1.26 0.000154522176788
1.27 0.000150181177245
1.28 0.00014595808951
1.29 0.000141849895213
1.3 0.000137853644938
1.31 0.000133966457021
1.32 0.000130185516351
1.33 0.000126508073175
1.34 0.000122931441911
1.35 0.000119452999968
1.36 0.000116070186564
1.37 0.000112780501568
1.38 0.000109581504337
1.39 0.000106470812566
1.4 0.000103446101153
1.41 0.000100505101067
1.42 9.76455982326e-05
1.43 9.48654324211e-05
1.44 9.21624961584e-05
1.45 8.95347336417e-05
1.46 8.69801396702e-05
1.47 8.44967585885e-05
1.48 8.20826832434e-05
1.49 7.97360539539e-05
1.5 7.74550574955e-05
1.51 7.52379260982e-05
1.52 7.30829364588e-05
1.53 7.09884087675e-05
1.54 6.89527057494e-05
1.55 6.69742317201e-05
1.56 6.50514316563e-05
1.57 6.31827902813e-05
1.58 6.13668311654e-05
1.59 5.96021158412e-05
1.6 5.78872429336e-05
1.61 5.62208473049e-05
1.62 5.46015992151e-05
1.63 5.30282034968e-05
1.64 5.1499398745e-05
1.65 5.00139565217e-05
1.66 4.85706805756e-05
1.67 4.71684060758e-05
1.68 4.5805998861e-05
1.69 4.44823547021e-05
1.7 4.319639858e-05
1.71 4.19470839774e-05
1.72 4.07333921847e-05
1.73 3.95543316198e-05
1.74 3.8408937162e-05
1.75 3.72962694995e-05
1.76 3.62154144902e-05
1.77 3.51654825365e-05
1.78 3.41456079725e-05
1.79 3.31549484653e-05
1.8 3.2192684428e-05
1.81 3.12580184465e-05
1.82 3.03501747184e-05
1.83 2.94683985037e-05
1.84 2.86119555891e-05
1.85 2.77801317626e-05
1.86 2.69722323012e-05
1.87 2.61875814698e-05
1.88 2.54255220311e-05
1.89 2.46854147674e-05
1.9 2.39666380131e-05
1.91 2.32685871981e-05
1.92 2.25906744021e-05
1.93 2.19323279188e-05
1.94 2.1292991831e-05
1.95 2.06721255954e-05
1.96 2.00692036378e-05
1.97 1.94837149572e-05
1.98 1.89151627404e-05
1.99 1.8363063985e-05
2.0 1.78269491323e-05
2.01 1.7306361709e-05
2.02 1.68008579773e-05
2.03 1.63100065941e-05
2.04 1.58333882785e-05
2.05 1.53705954876e-05
2.06 1.49212320998e-05
2.07 1.44849131074e-05
2.08 1.40612643155e-05
2.09 1.36499220492e-05
2.1 1.32505328682e-05
2.11 1.28627532883e-05
2.12 1.24862495108e-05
2.13 1.21206971577e-05
2.14 1.17657810145e-05
2.15 1.14211947796e-05
2.16 1.10866408195e-05
2.17 1.07618299313e-05
2.18 1.04464811106e-05
2.19 1.01403213259e-05
2.2 9.8430852984e-06
2.21 9.55451528838e-06
2.22 9.27436088624e-06
2.23 9.00237880976e-06
2.24 8.73833270638e-06
2.25 8.48199296075e-06
2.26 8.23313650751e-06
2.27 7.99154664883e-06
2.28 7.75701287707e-06
2.29 7.52933070194e-06
2.3 7.30830148243e-06
2.31 7.0937322632e-06
2.32 6.88543561541e-06
2.33 6.68322948172e-06
2.34 6.48693702563e-06
2.35 6.29638648477e-06
2.36 6.11141102825e-06
2.37 5.93184861779e-06
2.38 5.75754187271e-06
2.39 5.58833793856e-06
2.4 5.42408835935e-06
2.41 5.26464895321e-06
2.42 5.10987969156e-06
2.43 4.9596445815e-06
2.44 4.8138115515e-06
2.45 4.67225234014e-06
2.46 4.53484238802e-06
2.47 4.40146073262e-06
2.48 4.27198990598e-06
2.49 4.14631583536e-06
2.5 4.02432774651e-06
2.51 3.90591806971e-06
2.52 3.79098234843e-06
2.53 3.6794191504e-06
2.54 3.57112998136e-06
2.55 3.46601920104e-06
2.56 3.36399394156e-06
2.57 3.26496402813e-06
2.58 3.16884190189e-06
2.59 3.07554254504e-06
2.6 2.98498340789e-06
2.61 2.89708433817e-06
2.62 2.81176751212e-06
2.63 2.72895736769e-06
2.64 2.64858053947e-06
2.65 2.57056579562e-06
2.66 2.49484397642e-06
2.67 2.42134793463e-06
2.68 2.35001247759e-06
2.69 2.28077431083e-06
2.7 2.21357198338e-06
2.71 2.1483458346e-06
2.72 2.0850379425e-06
2.73 2.02359207356e-06
2.74 1.96395363393e-06
2.75 1.90606962209e-06
2.76 1.84988858277e-06
2.77 1.79536056225e-06
2.78 1.7424370649e-06
2.79 1.69107101098e-06
2.8 1.64121669563e-06
2.81 1.59282974904e-06
2.82 1.54586709773e-06
2.83 1.500286927e-06
2.84 1.4560486444e-06
2.85 1.41311284426e-06
2.86 1.37144127324e-06
2.87 1.33099679687e-06
2.88 1.29174336705e-06
2.89 1.25364599049e-06
2.9 1.21667069804e-06
2.91 1.18078451488e-06
2.92 1.14595543167e-06
2.93 1.11215237638e-06
2.94 1.07934518706e-06
2.95 1.04750458532e-06
2.96 1.01660215061e-06
2.97 9.86610295203e-07
2.98 9.57502239972e-07
2.99 9.29251990781e-07
3.0 9.01834315611e-07
3.01 8.75224722334e-07
3.02 8.49399437128e-07
3.03 8.24335383517e-07
3.04 8.00010162015e-07
3.05 7.76402030365e-07
3.06 7.53489884344e-07
3.07 7.31253239129e-07
3.08 7.09672211199e-07
3.09 6.88727500765e-07
3.1 6.68400374709e-07
3.11 6.48672650013e-07
3.12 6.29526677679e-07
3.13 6.10945327106e-07
3.14 5.92911970925e-07
3.15 5.75410470278e-07
3.16 5.58425160517e-07
3.17 5.41940837326e-07
3.18 5.25942743243e-07
3.19 5.10416554575e-07
3.2 4.95348368695e-07
3.21 4.80724691703e-07
3.22 4.6653242646e-07
3.23 4.52758860951e-07
3.24 4.39391657005e-07
3.25 4.26418839334e-07
3.26 4.13828784894e-07
3.27 4.01610212555e-07
3.28 3.89752173078e-07
3.29 3.78244039374e-07
3.3 3.67075497057e-07
3.31 3.56236535269e-07
3.32 3.45717437773e-07
3.33 3.35508774302e-07
3.34 3.25601392174e-07
3.35 3.15986408133e-07
3.36 3.06655200445e-07
3.37 2.97599401216e-07
3.38 2.88810888937e-07
3.39 2.80281781249e-07
3.4 2.72004427913e-07
3.41 2.63971403998e-07
3.42 2.56175503253e-07
3.43 2.48609731687e-07
3.44 2.41267301328e-07
3.45 2.34141624166e-07
3.46 2.27226306278e-07
3.47 2.20515142121e-07
3.48 2.14002108992e-07
3.49 2.07681361652e-07
3.5 2.01547227109e-07
3.51 1.9559419955e-07
3.52 1.89816935424e-07
3.53 1.84210248669e-07
3.54 1.78769106078e-07
3.55 1.73488622804e-07
3.56 1.68364057992e-07
3.57 1.63390810542e-07
3.58 1.58564414998e-07
3.59 1.53880537553e-07
3.6 1.49334972177e-07
3.61 1.44923636853e-07
3.62 1.40642569927e-07
3.63 1.36487926563e-07
3.64 1.32455975308e-07
3.65 1.28543094748e-07
3.66 1.2474577027e-07
3.67 1.21060590916e-07
3.68 1.17484246331e-07
3.69 1.14013523799e-07
3.7 1.10645305367e-07
3.71 1.07376565054e-07
3.72 1.0420436614e-07
3.73 1.01125858539e-07
3.74 9.81382762434e-08
3.75 9.52389348475e-08
3.76 9.2425229144e-08
3.77 8.9694630789e-08
3.78 8.70446860372e-08
3.79 8.4473013543e-08
3.8 8.19773022267e-08
3.81 7.95553092035e-08
3.82 7.7204857773e-08
3.83 7.49238354685e-08
3.84 7.27101921631e-08
3.85 7.0561938232e-08
3.86 6.84771427685e-08
3.87 6.64539318529e-08
3.88 6.4490486872e-08
3.89 6.25850428884e-08
3.9 6.07358870576e-08
3.91 5.89413570919e-08
3.92 5.71998397693e-08
3.93 5.55097694862e-08
3.94 5.38696268535e-08
3.95 5.2277937333e-08
3.96 5.07332699147e-08
3.97 4.92342358327e-08
3.98 4.77794873195e-08
3.99 4.63677163958e-08
4.0 4.49976536974e-08
4.01 4.36680673356e-08
4.02 4.23777617918e-08
4.03 4.11255768444e-08
4.04 3.99103865271e-08
4.05 3.87310981185e-08
4.06 3.75866511611e-08
4.07 3.64760165092e-08
4.08 3.53981954047e-08
4.09 3.4352218581e-08
4.1 3.33371453919e-08
4.11 3.23520629677e-08
4.12 3.1396085395e-08
4.13 3.04683529212e-08
4.14 2.95680311826e-08
4.15 2.86943104549e-08
4.16 2.78464049259e-08
4.17 2.70235519899e-08
4.18 2.62250115625e-08
4.19 2.5450065416e-08
4.2 2.46980165342e-08
4.21 2.39681884862e-08
4.22 2.32599248185e-08
4.23 2.25725884658e-08
4.24 2.19055611782e-08
4.25 2.12582429659e-08
4.26 2.063005156e-08
4.27 2.00204218894e-08
4.28 1.94288055733e-08
4.29 1.88546704279e-08
4.3 1.82974999886e-08
4.31 1.77567930457e-08
4.32 1.72320631942e-08
4.33 1.67228383963e-08
4.34 1.62286605576e-08
4.35 1.5749085115e-08
4.36 1.52836806373e-08
4.37 1.48320284375e-08
4.38 1.43937221965e-08
4.39 1.39683675977e-08
4.4 1.35555819727e-08
4.41 1.31549939571e-08
4.42 1.27662431571e-08
4.43 1.23889798252e-08
4.44 1.20228645458e-08
4.45 1.16675679301e-08
4.46 1.13227703202e-08
4.47 1.09881615014e-08
4.48 1.06634404234e-08
4.49 1.03483149298e-08
4.5 1.00425014951e-08
4.51 9.74572497024e-09
4.52 9.45771833469e-09
4.53 9.17822245674e-09
4.54 8.90698586035e-09
4.55 8.64376449904e-09
4.56 8.38832153643e-09
4.57 8.14042713333e-09
4.58 7.89985824098e-09
4.59 7.66639840056e-09
4.6 7.43983754846e-09
4.61 7.21997182743e-09
4.62 7.00660340319e-09
4.63 6.7995402866e-09
4.64 6.59859616092e-09
4.65 6.40359021429e-09
4.66 6.21434697711e-09
4.67 6.0306961642e-09
4.68 5.85247252169e-09
4.69 5.67951567838e-09
4.7 5.51167000147e-09
4.71 5.34878445661e-09
4.72 5.19071247206e-09
4.73 5.03731180681e-09
4.74 4.88844442272e-09
4.75 4.74397636025e-09
4.76 4.60377761809e-09
4.77 4.4677220361e-09
4.78 4.33568718193e-09
4.79 4.20755424084e-09
4.8 4.08320790881e-09
4.81 3.96253628885e-09
4.82 3.84543079034e-09
4.83 3.73178603134e-09
4.84 3.62149974377e-09
4.85 3.51447268145e-09
4.86 3.41060853079e-09
4.87 3.30981382416e-09
4.88 3.21199785581e-09
4.89 3.11707260025e-09
4.9 3.02495263306e-09
4.91 2.93555505409e-09
4.92 2.8487994128e-09
4.93 2.76460763594e-09
4.94 2.68290395729e-09
4.95 2.60361484951e-09
4.96 2.52666895794e-09
4.97 2.45199703649e-09
4.98 2.37953188525e-09
4.99 2.3092082901e-09
5.0 2.24096296398e-09
