      0.0316228       0.936585        0.99995
      0.0790569       0.843902       0.999688
       0.134397       0.673171       0.999097
        0.19369       0.673171       0.998126
       0.254959        0.57561       0.996755
       0.317216       0.604878       0.994981
       0.379967        0.75122       0.992807
       0.442966       0.463415       0.990237
       0.506088       0.726829       0.987275
       0.569272       0.863415       0.983927
       0.632486       0.795122       0.980197
       0.695717       0.902439       0.976089
       0.758954        0.64878        0.97161
       0.822196       0.497561       0.966765
        0.88544              1       0.961558
       0.948684        0.84878       0.955997
        1.01193       0.707317       0.950089
        1.07517       0.804878       0.943839
        1.13842       0.785366       0.937255
        1.20167       0.770732       0.930345
        1.26491       0.580488       0.923116
        1.32816       0.795122       0.915578
         1.3914       0.726829       0.907738
        1.45465       0.892683       0.899605
        1.51789       0.707317       0.891188
        1.58114       0.692683       0.882497
        1.64438       0.746341       0.873541
        1.70763       0.765854       0.864331
        1.77088       0.717073       0.854875
        1.83412       0.629268       0.845185
        1.89737       0.712195        0.83527
        1.96061       0.609756       0.825142
        2.02386       0.760976        0.81481
         2.0871        0.44878       0.804286
        2.15035       0.634146       0.793581
        2.21359        0.55122       0.782705
        2.27684       0.604878       0.771669
        2.34009       0.663415       0.760484
        2.40333       0.653659       0.749162
        2.46658       0.453659       0.737713
        2.52982       0.658537       0.726149
        2.59307       0.492683        0.71448
        2.65631       0.487805       0.702718
        2.71956       0.570732       0.690872
         2.7828       0.604878       0.678955
        2.84605       0.531707       0.666977
         2.9093       0.629268       0.654948
        2.97254       0.365854       0.642878
        3.03579       0.517073       0.630779
        3.09903       0.395122        0.61866
        3.16228       0.278049       0.606531
        3.22552       0.556098       0.594402
        3.28877       0.468293       0.582282
        3.35201       0.263415       0.570182
        3.41526       0.463415        0.55811
        3.47851       0.434146       0.546074
        3.54175       0.312195       0.534085
          3.605       0.434146        0.52215
        3.66824       0.380488       0.510278
        3.73149       0.463415       0.498476
        3.79473       0.453659       0.486752
        3.85798       0.297561       0.475114
        3.92122       0.526829       0.463569
        3.98447       0.307317       0.452123
        4.04772       0.404878       0.440784
        4.11096        0.35122       0.429557
        4.17421       0.239024       0.418449
        4.23745       0.356098       0.407465
         4.3007        0.22439       0.396611
        4.36394            0.4       0.385891
        4.42719       0.204878       0.375311
        4.49043        0.24878       0.364875
        4.55368       0.258537       0.354588
        4.61693       0.307317       0.344452
        4.68017       0.326829       0.334473
        4.74342            0.2       0.324652
        4.80666        0.24878       0.314995
        4.86991        0.24878       0.305502
        4.93315       0.180488       0.296176
         4.9964        0.37561       0.287021
        5.05964       0.268293       0.278037
        5.12289       0.136585       0.269227
        5.18614       0.258537       0.260592
        5.24938       0.165854       0.252133
        5.31263       0.146341        0.24385
        5.37587       0.141463       0.235746
        5.43912       0.180488        0.22782
        5.50236       0.185366       0.220072
        5.56561       0.209756       0.212503
        5.62885       0.156098       0.205112
         5.6921       0.136585       0.197899
        5.75535        0.22439       0.190863
        5.81859       0.131707       0.184004
        5.88184       0.107317        0.17732
        5.94508       0.170732       0.170811
        6.00833       0.165854       0.164474
        6.07157       0.112195        0.15831
        6.13482       0.136585       0.152316
        6.19806       0.102439        0.14649
        6.26131       0.165854        0.14083
        6.32456       0.136585       0.135335
         6.3878      0.0780488       0.130003
        6.45105      0.0829268        0.12483
        6.51429       0.102439       0.119816
        6.57754        0.15122       0.114957
        6.64078      0.0829268       0.110251
        6.70403       0.121951       0.105695
        6.76727      0.0878049       0.101287
        6.83052      0.0585366      0.0970237
        6.89377      0.0292683      0.0929029
        6.95701      0.0731707      0.0889216
        7.02026      0.0585366      0.0850769
         7.0835      0.0536585      0.0813658
        7.14675       0.107317      0.0777855
        7.20999      0.0731707       0.074333
        7.27324      0.0682927      0.0710054
        7.33648      0.0292683      0.0677995
        7.39973      0.0243902      0.0647126
        7.46298      0.0487805      0.0617414
        7.52622      0.0390244      0.0588832
        7.58947      0.0682927      0.0561348
        7.65271      0.0536585      0.0534932
        7.71596      0.0731707      0.0509556
         7.7792      0.0243902       0.048519
        7.84245      0.0341463      0.0461804
        7.90569      0.0341463      0.0439369
        7.96894      0.0390244      0.0417857
        8.03219      0.0292683       0.039724
        8.09543      0.0292683      0.0377489
        8.15868      0.0292683      0.0358576
        8.22192      0.0146341      0.0340475
        8.28517      0.0097561      0.0323158
        8.34841      0.0390244      0.0306599
        8.41166      0.0390244      0.0290772
         8.4749      0.0682927      0.0275652
        8.53815      0.0243902      0.0261214
         8.6014      0.0146341      0.0247433
        8.66464      0.0146341      0.0234285
        8.72789      0.0341463      0.0221748
        8.79113      0.0097561      0.0209797
        8.85438      0.0390244      0.0198411
        8.91762      0.0487805      0.0187568
        8.98087      0.0146341      0.0177246
        9.04411      0.0536585      0.0167426
        9.10736     0.00487805      0.0158086
        9.17061     0.00487805      0.0149208
        9.23385     0.00487805      0.0140772
         9.2971      0.0146341       0.013276
        9.36034      0.0097561      0.0125153
        9.42359      0.0097561      0.0117936
        9.48683     0.00487805       0.011109
        9.55008     0.00487805        0.01046
        9.61332     0.00487805     0.00984492
        9.67657      0.0146341     0.00926233
        9.73982      0.0243902     0.00871073
        9.80306     0.00487805      0.0081887
        9.86631      0.0097561     0.00769488
        9.92955     0.00487805     0.00722795
         9.9928      0.0195122     0.00678664
         10.056      0.0097561     0.00636972
        10.1193     0.00487805     0.00597602
        10.1825     0.00487805     0.00560442
        10.2458     0.00487805     0.00525382
         10.309     0.00487805     0.00492318
        10.3723     0.00487805     0.00461151
        10.4355      0.0097561     0.00431784
        10.4988     0.00487805     0.00404125
         10.562      0.0146341     0.00378087
        10.6253     0.00487805     0.00353586
        10.6885     0.00487805     0.00330539
        10.7517      0.0146341     0.00308872
         10.815      0.0195122     0.00288509
        10.8782      0.0097561     0.00269381
        10.9415      0.0097561      0.0025142
        11.0047     0.00487805     0.00234563
         11.068     0.00487805     0.00218749
        11.1312     0.00487805      0.0020392
        11.1945     0.00487805     0.00190019
        11.2577     0.00487805     0.00176996
         11.321     0.00487805     0.00164799
        11.3842     0.00487805     0.00153381
        11.4474     0.00487805     0.00142697
        11.5107     0.00487805     0.00132705
        11.5739      0.0097561     0.00123362
        11.6372      0.0097561     0.00114632
        11.7004     0.00487805     0.00106477
        11.7637     0.00487805    0.000988621
        11.8269     0.00487805    0.000917553
        11.8902     0.00487805    0.000851254
        11.9534     0.00487805     0.00078943
        12.0167     0.00487805    0.000731802
        12.0799      0.0097561    0.000678111
        12.1431      0.0097561    0.000628107
        12.2064     0.00487805    0.000581558
        12.2696     0.00487805    0.000538243
        12.3329     0.00487805    0.000497955
        12.3961     0.00487805    0.000460499
        12.4594     0.00487805     0.00042569
        12.5226     0.00487805    0.000393354
        12.5859     0.00487805     0.00036333
        12.6491     0.00487805    0.000335463
        12.7124     0.00487805    0.000309609
        12.7756     0.00487805    0.000285634
        12.8388     0.00487805     0.00026341
        12.9021      0.0097561    0.000242818
        12.9653     0.00487805    0.000223746
        13.0286     0.00487805     0.00020609
        13.0918     0.00487805    0.000189751
        13.1551     0.00487805    0.000174637
        13.2183     0.00487805    0.000160663
        13.2816     0.00487805    0.000147748
        13.3448     0.00487805    0.000135817
        13.4081     0.00487805      0.0001248
        13.4713     0.00487805     0.00011463
        13.5345     0.00487805    0.000105247
        13.5978     0.00487805    9.65934e-05
         13.661     0.00487805    8.86158e-05
        13.7243     0.00487805    8.12646e-05
        13.7875     0.00487805    7.44934e-05
        13.8508     0.00487805    6.82591e-05
         13.914     0.00487805    6.25215e-05
        13.9773     0.00487805    5.72433e-05
        14.0405     0.00487805    5.23897e-05
        14.1038     0.00487805    4.79285e-05
         14.167     0.00487805    4.38297e-05
        14.2302     0.00487805    4.00653e-05
        14.2935     0.00487805    3.66096e-05
        14.3567     0.00487805    3.34386e-05
          14.42     0.00487805      3.053e-05
        14.4832     0.00487805    2.78633e-05
        14.5465     0.00487805    2.54193e-05
        14.6097     0.00487805    2.31805e-05
         14.673     0.00487805    2.11304e-05
        14.7362     0.00487805    1.92538e-05
        14.7995     0.00487805     1.7537e-05
        14.8627     0.00487805    1.59668e-05
         14.926     0.00487805    1.45314e-05
        14.9892     0.00487805    1.32197e-05
        15.0524     0.00487805    1.20217e-05
        15.1157     0.00487805    1.09278e-05
        15.1789     0.00487805     9.9295e-06
        15.2422     0.00487805    9.01879e-06
        15.3054     0.00487805    8.18833e-06
        15.3687     0.00487805    7.43137e-06
        15.4319     0.00487805    6.74169e-06
        15.4952     0.00487805    6.11357e-06
        15.5584     0.00487805    5.54175e-06
        15.6217     0.00487805    5.02141e-06
        15.6849     0.00487805     4.5481e-06
        15.7481     0.00487805    4.11777e-06
        15.8114     0.00487805    3.72665e-06
        15.8746     0.00487805    3.37134e-06
        15.9379     0.00487805    3.04869e-06
        16.0011     0.00487805    2.75581e-06
        16.0644     0.00487805    2.49007e-06
        16.1276     0.00487805    2.24906e-06
        16.1909     0.00487805    2.03056e-06
        16.2541     0.00487805    1.83255e-06
        16.3174     0.00487805     1.6532e-06
        16.3806     0.00487805     1.4908e-06
        16.4438     0.00487805    1.34381e-06
        16.5071     0.00487805    1.21084e-06
        16.5703     0.00487805    1.09058e-06
        16.6336     0.00487805    9.81877e-07
        16.6968     0.00487805    8.83654e-07
        16.7601     0.00487805    7.94939e-07
        16.8233     0.00487805    7.14845e-07
        16.8866     0.00487805    6.42564e-07
        16.9498     0.00487805     5.7736e-07
        17.0131     0.00487805    5.18565e-07
        17.0763     0.00487805    4.65572e-07
        17.1395     0.00487805    4.17826e-07
        17.2028     0.00487805    3.74827e-07
         17.266     0.00487805    3.36119e-07
        17.3293     0.00487805    3.01288e-07
        17.3925     0.00487805    2.69958e-07
        17.4558     0.00487805    2.41789e-07
         17.519     0.00487805    2.16473e-07
        17.5823     0.00487805     1.9373e-07
        17.6455     0.00487805    1.73307e-07
        17.7088     0.00487805    1.54975e-07
         17.772     0.00487805    1.38527e-07
        17.8352     0.00487805    1.23775e-07
        17.8985     0.00487805     1.1055e-07
        17.9617     0.00487805    9.86981e-08
         18.025     0.00487805    8.80818e-08
        18.0882     0.00487805     7.8576e-08
        18.1515     0.00487805     7.0068e-08
        18.2147     0.00487805    6.24562e-08
         18.278     0.00487805    5.56491e-08
        18.3412     0.00487805    4.95641e-08
        18.4045     0.00487805    4.41267e-08
        18.4677     0.00487805    3.92702e-08
        18.5309     0.00487805    3.49342e-08
        18.5942     0.00487805    3.10645e-08
        18.6574     0.00487805    2.76124e-08
        18.7207     0.00487805    2.45341e-08
        18.7839     0.00487805    2.17903e-08
        18.8472     0.00487805    1.93456e-08
        18.9104     0.00487805    1.71683e-08
        18.9737     0.00487805      1.523e-08
        19.0369     0.00487805    1.35051e-08
        19.1002     0.00487805    1.19707e-08
        19.1634     0.00487805    1.06065e-08
        19.2266     0.00487805    9.39395e-09
        19.2899     0.00487805     8.3167e-09
        19.3531     0.00487805    7.36004e-09
        19.4164     0.00487805    6.51082e-09
        19.4796     0.00487805    5.75728e-09
        19.5429     0.00487805    5.08892e-09
        19.6061     0.00487805    4.49635e-09
        19.6694     0.00487805    3.97119e-09
        19.7326     0.00487805    3.50597e-09
        19.7959     0.00487805      3.094e-09
        19.8591     0.00487805    2.72936e-09
        19.9223     0.00487805    2.40672e-09
        19.9856     0.00487805    2.12138e-09
        20.0488     0.00487805    1.86912e-09
        20.1121     0.00487805    1.64619e-09
        20.1753     0.00487805    1.44928e-09
        20.2386     0.00487805    1.27541e-09
        20.3018     0.00487805    1.12195e-09
        20.3651     0.00487805    9.86557e-10
        20.4283     0.00487805    8.67158e-10
        20.4916     0.00487805    7.61904e-10
        20.5548     0.00487805    6.69159e-10
        20.6181     0.00487805    5.87468e-10
        20.6813     0.00487805    5.15543e-10
        20.7445     0.00487805    4.52244e-10
        20.8078     0.00487805    3.96558e-10
         20.871     0.00487805    3.47589e-10
        20.9343     0.00487805    3.04546e-10
        20.9975     0.00487805    2.66726e-10
        21.0608     0.00487805    2.33509e-10
         21.124     0.00487805    2.04347e-10
        21.1873     0.00487805    1.78756e-10
        21.2505     0.00487805    1.56307e-10
        21.3138     0.00487805    1.36622e-10
         21.377     0.00487805    1.19369e-10
        21.4402     0.00487805    1.04253e-10
        21.5035     0.00487805    9.10147e-11
        21.5667     0.00487805    7.94256e-11
          21.63     0.00487805    6.92845e-11
        21.6932     0.00487805     6.0414e-11
        21.7565     0.00487805    5.26582e-11
        21.8197     0.00487805    4.58796e-11
         21.883     0.00487805    3.99577e-11
        21.9462     0.00487805    3.47862e-11
        22.0095     0.00487805    3.02719e-11
        22.0727     0.00487805     2.6333e-11
        22.1359     0.00487805    2.28973e-11
        22.1992     0.00487805     1.9902e-11
        22.2624     0.00487805    1.72916e-11
        22.3257     0.00487805    1.50176e-11
        22.3889     0.00487805    1.30374e-11
        22.4522     0.00487805    1.13138e-11
        22.5154     0.00487805    9.81411e-12
        22.5787     0.00487805    8.50982e-12
        22.6419     0.00487805    7.37592e-12
        22.7052     0.00487805    6.39055e-12
        22.7684     0.00487805    5.53461e-12
        22.8316     0.00487805    4.79139e-12
        22.8949     0.00487805    4.14632e-12
        22.9581     0.00487805    3.58666e-12
        23.0214     0.00487805     3.1013e-12
        23.0846     0.00487805    2.68055e-12
        23.1479     0.00487805    2.31595e-12
        23.2111     0.00487805    2.00015e-12
        23.2744     0.00487805    1.72672e-12
        23.3376     0.00487805    1.49007e-12
        23.4009     0.00487805    1.28534e-12
        23.4641     0.00487805    1.10829e-12
        23.5273     0.00487805    9.55253e-13
        23.5906     0.00487805    8.23017e-13
        23.6538     0.00487805    7.08802e-13
        23.7171     0.00487805    6.10194e-13
        23.7803     0.00487805    5.25094e-13
        23.8436     0.00487805    4.51681e-13
        23.9068     0.00487805    3.88377e-13
        23.9701     0.00487805    3.33811e-13
        24.0333     0.00487805    2.86798e-13
        24.0966     0.00487805    2.46306e-13
        24.1598     0.00487805    2.11447e-13
         24.223     0.00487805    1.81449e-13
        24.2863     0.00487805    1.55645e-13
        24.3495     0.00487805    1.33457e-13
        24.4128     0.00487805    1.14386e-13
         24.476     0.00487805    9.80009e-14
        24.5393     0.00487805    8.39294e-14
        24.6025     0.00487805    7.18497e-14
        24.6658     0.00487805     6.1484e-14
         24.729     0.00487805    5.25927e-14
        24.7923     0.00487805    4.49691e-14
        24.8555     0.00487805    3.84353e-14
        24.9187     0.00487805    3.28377e-14
         24.982     0.00487805     2.8044e-14
        25.0452     0.00487805    2.39406e-14
        25.1085     0.00487805    2.04294e-14
        25.1717     0.00487805    1.74262e-14
         25.235     0.00487805    1.48586e-14
        25.2982     0.00487805    1.26642e-14
        25.3615     0.00487805    1.07895e-14
        25.4247     0.00487805    9.18872e-15
         25.488     0.00487805    7.82228e-15
        25.5512     0.00487805    6.65638e-15
        25.6144     0.00487805      5.662e-15
        25.6777     0.00487805    4.81423e-15
        25.7409     0.00487805    4.09176e-15
        25.8042     0.00487805    3.47633e-15
        25.8674     0.00487805    2.95228e-15
        25.9307     0.00487805    2.50622e-15
        25.9939     0.00487805    2.12671e-15
        26.0572     0.00487805    1.80395e-15
        26.1204     0.00487805    1.52955e-15
        26.1837     0.00487805    1.29638e-15
        26.2469     0.00487805    1.09831e-15
        26.3102     0.00487805    9.30137e-16
        26.3734     0.00487805    7.87396e-16
        26.4366     0.00487805    6.66294e-16
        26.4999     0.00487805    5.63593e-16
        26.5631     0.00487805     4.7653e-16
        26.6264     0.00487805    4.02756e-16
        26.6896     0.00487805    3.40267e-16
        26.7529     0.00487805    2.87359e-16
        26.8161     0.00487805     2.4258e-16
        26.8794     0.00487805    2.04697e-16
        26.9426     0.00487805    1.72661e-16
        27.0059     0.00487805    1.45581e-16
        27.0691     0.00487805    1.22699e-16
        27.1323     0.00487805    1.03372e-16
        27.1956     0.00487805    8.70543e-17
        27.2588     0.00487805    7.32832e-17
        27.3221     0.00487805    6.16659e-17
        27.3853     0.00487805    5.18695e-17
        27.4486     0.00487805     4.3612e-17
        27.5118     0.00487805    3.66543e-17
        27.5751     0.00487805    3.07944e-17
        27.6383     0.00487805    2.58609e-17
        27.7016     0.00487805    2.17091e-17
        27.7648     0.00487805    1.82166e-17
         27.828     0.00487805    1.52798e-17
        27.8913     0.00487805    1.28114e-17
        27.9545     0.00487805    1.07374e-17
        28.0178     0.00487805    8.99556e-18
         28.081     0.00487805    7.53329e-18
        28.1443     0.00487805    6.30619e-18
        28.2075     0.00487805    5.27686e-18
        28.2708     0.00487805    4.41378e-18
         28.334     0.00487805    3.69039e-18
        28.3973     0.00487805    3.08432e-18
        28.4605     0.00487805    2.57676e-18
        28.5237     0.00487805    2.15186e-18
         28.587     0.00487805     1.7963e-18
        28.6502     0.00487805     1.4989e-18
        28.7135     0.00487805    1.25024e-18
        28.7767     0.00487805    1.04241e-18
          28.84     0.00487805    8.68777e-19
        28.9032     0.00487805     7.2378e-19
        28.9665     0.00487805    6.02741e-19
        29.0297     0.00487805    5.01742e-19
         29.093     0.00487805    4.17501e-19
        29.1562     0.00487805    3.47265e-19
        29.2194     0.00487805    2.88729e-19
        29.2827     0.00487805    2.39964e-19
        29.3459     0.00487805    1.99355e-19
        29.4092     0.00487805    1.65552e-19
        29.4724     0.00487805    1.37426e-19
        29.5357     0.00487805    1.14033e-19
        29.5989     0.00487805    9.45839e-20
        29.6622     0.00487805    7.84206e-20
        29.7254     0.00487805    6.49935e-20
        29.7887     0.00487805    5.38438e-20
        29.8519     0.00487805     4.4589e-20
        29.9151     0.00487805    3.69102e-20
        29.9784     0.00487805    3.05415e-20
        30.0416     0.00487805    2.52616e-20
        30.1049     0.00487805    2.08862e-20
        30.1681     0.00487805    1.72616e-20
        30.2314     0.00487805    1.42604e-20
        30.2946     0.00487805    1.17763e-20
        30.3579     0.00487805    9.72099e-21
        30.4211     0.00487805    8.02119e-21
        30.4844     0.00487805    6.61597e-21
        30.5476     0.00487805    5.45475e-21
        30.6108     0.00487805    4.49555e-21
        30.6741     0.00487805    3.70353e-21
        30.7373     0.00487805    3.04983e-21
        30.8006     0.00487805    2.51051e-21
        30.8638     0.00487805    2.06574e-21
        30.9271     0.00487805    1.69908e-21
        30.9903     0.00487805    1.39694e-21
        31.0536     0.00487805    1.14808e-21
        31.1168     0.00487805    9.43166e-22
        31.1801     0.00487805    7.74519e-22
        31.2433     0.00487805    6.35773e-22
        31.3065     0.00487805    5.21674e-22
        31.3698     0.00487805     4.2788e-22
         31.433     0.00487805    3.50809e-22
        31.4963     0.00487805    2.87506e-22
        31.5595     0.00487805    2.35531e-22
