0.          -0.32492919  -0.54340282  -0.69537066  -0.90074681
-1.1315232   -1.27826827  -1.42213983  -1.58391319  -1.75470255
-1.91662533  -2.09304496  -2.28018902  -2.46227293  -2.75980104
-3.17629274  -3.41520769  -3.51555203  -3.73638166  -4.02787717
-4.43701949  -4.83325659  -5.12323613  -5.37508914  -5.54536213
-5.73246053  -5.91667987  -6.0853125   -6.43535354  -6.8641644
-7.14315521  -7.32621503  -7.49239646  -7.838972    -8.30149372
-8.60680318  -8.82704396  -9.14396074  -9.36584923  -9.5138576
-9.7712452  -10.00866331 -10.35789874 -10.82351196 -11.125801
-11.44419598 -11.87369957 -12.12688066 -12.32336568 -12.7055838
-13.06741792 -13.21947039 -13.4801898  -13.84603372 -13.96391427
-14.10567187 -14.49816347 -14.95047546 -15.3983089  -15.85868124
-16.13571473 -16.4766373  -16.90038662 -17.1723285  -17.7987995
-18.37601219 -18.62266969 -19.03883535 -19.45647839 -19.66442687
-19.8595943  -20.13194438 -20.462501   -20.63265034 -20.89253032
-21.36664087 -21.81588947 -22.19473139 -22.32267105 -22.46582889
-22.69003303 -22.89112423 -23.17945455 -23.53205416 -23.76205967
-23.94596992 -24.29598029 -24.5073431  -24.80744998 -25.2524519
-25.48691169 -25.63663192 -25.86381508 -26.24108155 -26.40839451
-26.42025988 -26.54180435 -26.26814172 -25.59229039 -24.67131209]

