0.0 1.0392335325e-10
0.1 7.67904929106e-10
0.2 5.67416283194e-09
0.3 4.19272298673e-08
0.4 3.09806538831e-07
0.5 2.2892067809e-06
0.6 1.69152880302e-05
0.7 0.000124987917491
0.8 0.000922872153537
0.9 0.00655422936338
1.0 0.0208282624816
1.1 0.00671377489088
1.2 0.000931449196235
1.3 0.000280614773693
1.4 0.000236302086879
1.5 0.000225567761639
1.6 0.000225334610922
1.7 0.00022552297304
1.8 0.000225487306159
1.9 0.000225491390401
2.0 0.000225491180765
2.1 0.000225491150248
2.2 0.000225491160535
2.3 0.000225491158921
2.4 0.000225491159073
2.5 0.000225491159071
2.6 0.000225491159068
2.7 0.000225491159069
2.8 0.000225491159069
2.9 0.000225491159069
3.0 0.000225491159069
3.1 0.000225491159069
3.2 0.000225491159068
3.3 0.000225491159068
3.4 0.000225491159069
3.5 0.000225491159068
3.6 0.000225491159068
3.7 0.000225491159069
3.8 0.000225491159069
3.9 0.000225491159068
4.0 0.000225491159069
4.1 0.000225491159069
4.2 0.000225491159069
4.3 0.000225491159069
4.4 0.000225491159069
4.5 0.000225491159069
4.6 0.000225491159069
4.7 0.000225491159069
4.8 0.000225491159069
4.9 0.000225491159069
5.0 0.000225491159069
