-5.0 1.99800019043e-15
-4.99 2.01790296775e-15
-4.98 2.03792280401e-15
-4.97 2.05822581976e-15
-4.96 2.07868327955e-15
-4.95 2.09932518009e-15
-4.94 2.12023565938e-15
-4.93 2.14138977347e-15
-4.92 2.16276763513e-15
-4.91 2.18436869447e-15
-4.9 2.20626460072e-15
-4.89 2.22846803519e-15
-4.88 2.25089924623e-15
-4.87 2.27361547917e-15
-4.86 2.29660538585e-15
-4.85 2.31987953977e-15
-4.84 2.34338681884e-15
-4.83 2.36717809363e-15
-4.82 2.39121159947e-15
-4.81 2.41551826432e-15
-4.8 2.44004989534e-15
-4.79 2.46479135905e-15
-4.78 2.48977507988e-15
-4.77 2.51499064747e-15
-4.76 2.54034524724e-15
-4.75 2.56593008526e-15
-4.74 2.5917439592e-15
-4.73 2.61776630625e-15
-4.72 2.64394012641e-15
-4.71 2.67039003898e-15
-4.7 2.69701648543e-15
-4.69 2.72386754701e-15
-4.68 2.75096287361e-15
-4.67 2.77828839571e-15
-4.66 2.80593653536e-15
-4.65 2.8338663291e-15
-4.64 2.86204326859e-15
-4.63 2.89057885514e-15
-4.62 2.91942084809e-15
-4.61 2.94864660492e-15
-4.6 2.97811807267e-15
-4.59 3.00807187128e-15
-4.58 3.03835451458e-15
-4.57 3.06896407334e-15
-4.56 3.09990340047e-15
-4.55 3.13128107e-15
-4.54 3.16300856406e-15
-4.53 3.19508283722e-15
-4.52 3.22747036129e-15
-4.51 3.2602117225e-15
-4.5 3.29333418838e-15
-4.49 3.32666879637e-15
-4.48 3.3603803839e-15
-4.47 3.39437018088e-15
-4.46 3.42867317763e-15
-4.45 3.4632699419e-15
-4.44 3.49810997214e-15
-4.43 3.53321609731e-15
-4.42 3.56868546187e-15
-4.41 3.60436771011e-15
-4.4 3.64042233788e-15
-4.39 3.67663030811e-15
-4.38 3.71329843235e-15
-4.37 3.75028173836e-15
-4.36 3.78765913014e-15
-4.35 3.82535991229e-15
-4.34 3.8634633624e-15
-4.33 3.90201814394e-15
-4.32 3.94082004856e-15
-4.31 3.98024832907e-15
-4.3 4.0200401488e-15
-4.29 4.06027035968e-15
-4.28 4.10104329433e-15
-4.27 4.14237572034e-15
-4.26 4.18400637107e-15
-4.25 4.22632571875e-15
-4.24 4.26900815361e-15
-4.23 4.31219761868e-15
-4.22 4.35594714867e-15
-4.21 4.4000387334e-15
-4.2 4.4446341953e-15
-4.19 4.4896546476e-15
-4.18 4.53513609907e-15
-4.17 4.58110157125e-15
-4.16 4.62740541035e-15
-4.15 4.67404179675e-15
-4.14 4.72113888021e-15
-4.13 4.7687129304e-15
-4.12 4.81658377438e-15
-4.11 4.86486504138e-15
-4.1 4.91365622465e-15
-4.09 4.96275968111e-15
-4.08 5.01225153619e-15
-4.07 5.06223288859e-15
-4.06 5.11263916229e-15
-4.05 5.16357838144e-15
-4.04 5.21494091629e-15
-4.03 5.26690206734e-15
-4.02 5.31933370336e-15
-4.01 5.37238677331e-15
-4.0 5.42605051706e-15
-3.99 5.48022743573e-15
-3.98 5.53510362677e-15
-3.97 5.59065753804e-15
-3.96 5.64673679555e-15
-3.95 5.70351309472e-15
-3.94 5.76098336901e-15
-3.93 5.81921906003e-15
-3.92 5.87810689017e-15
-3.91 5.93751542152e-15
-3.9 5.99764440343e-15
-3.89 6.05847106206e-15
-3.88 6.11986118649e-15
-3.87 6.1818601516e-15
-3.86 6.24448752867e-15
-3.85 6.30768605115e-15
-3.84 6.37143144894e-15
-3.83 6.43562413144e-15
-3.82 6.50060614783e-15
-3.81 6.56588537996e-15
-3.8 6.63175776525e-15
-3.79 6.69821919655e-15
-3.78 6.76510325347e-15
-3.77 6.8325743588e-15
-3.76 6.90070496003e-15
-3.75 6.96940005354e-15
-3.74 7.03869454585e-15
-3.73 7.10867624905e-15
-3.72 7.17924602539e-15
-3.71 7.25060797079e-15
-3.7 7.32267057762e-15
-3.69 7.39550326089e-15
-3.68 7.46940650577e-15
-3.67 7.54393950249e-15
-3.66 7.61953976143e-15
-3.65 7.69592681002e-15
-3.64 7.77325730619e-15
-3.63 7.85152656497e-15
-3.62 7.93075731365e-15
-3.61 8.01102748557e-15
-3.6 8.09207240468e-15
-3.59 8.17412704392e-15
-3.58 8.25710920064e-15
-3.57 8.34091678047e-15
-3.56 8.42544903668e-15
-3.55 8.51085952016e-15
-3.54 8.59719005406e-15
-3.53 8.68408254939e-15
-3.52 8.77191554455e-15
-3.51 8.86012257537e-15
-3.5 8.94928202691e-15
-3.49 9.03900491589e-15
-3.48 9.12927996578e-15
-3.47 9.22047077576e-15
-3.46 9.31234426895e-15
-3.45 9.40477109426e-15
-3.44 9.49804189545e-15
-3.43 9.59239016128e-15
-3.42 9.68726008858e-15
-3.41 9.78316810869e-15
-3.4 9.8799334137e-15
-3.39 9.97801234334e-15
-3.38 1.00770008439e-14
-3.37 1.01771506836e-14
-3.36 1.02786069331e-14
-3.35 1.03813806853e-14
-3.34 1.04853788453e-14
-3.33 1.0590692668e-14
-3.32 1.06973693557e-14
-3.31 1.08054492046e-14
-3.3 1.09146217915e-14
-3.29 1.10253571747e-14
-3.28 1.11372752436e-14
-3.27 1.12504905433e-14
-3.26 1.13649881551e-14
-3.25 1.14803901016e-14
-3.24 1.15970021257e-14
-3.23 1.17144262009e-14
-3.22 1.18329318903e-14
-3.21 1.19521948846e-14
-3.2 1.20724830255e-14
-3.19 1.21937338053e-14
-3.18 1.23157646371e-14
-3.17 1.24384787813e-14
-3.16 1.2562119602e-14
-3.15 1.26865618833e-14
-3.14 1.28122432305e-14
-3.13 1.29386823752e-14
-3.12 1.30662679387e-14
-3.11 1.31950241417e-14
-3.1 1.332512383e-14
-3.09 1.34564047817e-14
-3.08 1.35892757386e-14
-3.07 1.37237572441e-14
-3.06 1.3859829449e-14
-3.05 1.39978904546e-14
-3.04 1.41372808946e-14
-3.03 1.4278857756e-14
-3.02 1.44223289955e-14
-3.01 1.45675293599e-14
-3.0 1.47146721642e-14
-2.99 1.48638993193e-14
-2.98 1.50145215636e-14
-2.97 1.5166900283e-14
-2.96 1.53210286597e-14
-2.95 1.54766729974e-14
-2.94 1.56339928171e-14
-2.93 1.57923421474e-14
-2.92 1.59521322063e-14
-2.91 1.61134727939e-14
-2.9 1.62755904407e-14
-2.89 1.64386779393e-14
-2.88 1.66030941338e-14
-2.87 1.67682029916e-14
-2.86 1.6934474004e-14
-2.85 1.71019905e-14
-2.84 1.72704854063e-14
-2.83 1.74404094634e-14
-2.82 1.76113116794e-14
-2.81 1.77841315507e-14
-2.8 1.79582189189e-14
-2.79 1.81343150686e-14
-2.78 1.83122318731e-14
-2.77 1.84922782907e-14
-2.76 1.86746886674e-14
-2.75 1.88593167466e-14
-2.74 1.90464351595e-14
-2.73 1.9235844038e-14
-2.72 1.94279102571e-14
-2.71 1.962280288e-14
-2.7 1.98199317678e-14
-2.69 2.00199724033e-14
-2.68 2.02222478254e-14
-2.67 2.04270395717e-14
-2.66 2.06341510098e-14
-2.65 2.08430677339e-14
-2.64 2.1054191926e-14
-2.63 2.12672777279e-14
-2.62 2.14816920839e-14
-2.61 2.1698218349e-14
-2.6 2.19157100917e-14
-2.59 2.21346118083e-14
-2.58 2.23549385233e-14
-2.57 2.25767886904e-14
-2.56 2.27995489121e-14
-2.55 2.30240276341e-14
-2.54 2.32497661878e-14
-2.53 2.34772382207e-14
-2.52 2.3706444867e-14
-2.51 2.3936935346e-14
-2.5 2.41700903026e-14
-2.49 2.44056133408e-14
-2.48 2.46429961511e-14
-2.47 2.48832439532e-14
-2.46 2.51269273709e-14
-2.45 2.53729134159e-14
-2.44 2.56227104471e-14
-2.43 2.58755376304e-14
-2.42 2.61316969749e-14
-2.41 2.6391494653e-14
-2.4 2.66544915213e-14
-2.39 2.69210321765e-14
-2.38 2.71906077184e-14
-2.37 2.74637851779e-14
-2.36 2.77396488096e-14
-2.35 2.80187967821e-14
-2.34 2.82999885962e-14
-2.33 2.85838126301e-14
-2.32 2.88699934665e-14
-2.31 2.91581742592e-14
-2.3 2.94481746581e-14
-2.29 2.97398005633e-14
-2.28 3.00336040903e-14
-2.27 3.0329513194e-14
-2.26 3.06262924213e-14
-2.25 3.09255898028e-14
-2.24 3.1225390494e-14
-2.23 3.15281234583e-14
-2.22 3.18332283801e-14
-2.21 3.21402898761e-14
-2.2 3.24498116001e-14
-2.19 3.27626800102e-14
-2.18 3.307864087e-14
-2.17 3.33973724416e-14
-2.16 3.37200623359e-14
-2.15 3.40463974798e-14
-2.14 3.43766306031e-14
-2.13 3.47116254989e-14
-2.12 3.50500643474e-14
-2.11 3.53937685401e-14
-2.1 3.57409476659e-14
-2.09 3.60930463749e-14
-2.08 3.64490272193e-14
-2.07 3.68092913636e-14
-2.06 3.71732281437e-14
-2.05 3.75402594044e-14
-2.04 3.7911303569e-14
-2.03 3.82859240623e-14
-2.02 3.86621510485e-14
-2.01 3.90420194935e-14
-2.0 3.94246044376e-14
-1.99 3.98087642912e-14
-1.98 4.01951745755e-14
-1.97 4.05846989514e-14
-1.96 4.09757420837e-14
-1.95 4.13685096273e-14
-1.94 4.17638616663e-14
-1.93 4.21620174992e-14
-1.92 4.2562437971e-14
-1.91 4.29662626373e-14
-1.9 4.33728137038e-14
-1.89 4.3782896826e-14
-1.88 4.41963277002e-14
-1.87 4.46142001857e-14
-1.86 4.50358111552e-14
-1.85 4.5462697765e-14
-1.84 4.58940975471e-14
-1.83 4.63307317787e-14
-1.82 4.67719415889e-14
-1.81 4.72192671421e-14
-1.8 4.76702283042e-14
-1.79 4.81273805898e-14
-1.78 4.85892482084e-14
-1.77 4.90558956579e-14
-1.76 4.95264565212e-14
-1.75 5.00022493656e-14
-1.74 5.04816535138e-14
-1.73 5.09645492389e-14
-1.72 5.14516640039e-14
-1.71 5.19420898473e-14
-1.7 5.24355590988e-14
-1.69 5.29310505237e-14
-1.68 5.34296161912e-14
-1.67 5.39307450495e-14
-1.66 5.44356278305e-14
-1.65 5.49410119976e-14
-1.64 5.54494821246e-14
-1.63 5.59615453294e-14
-1.62 5.64763746812e-14
-1.61 5.69935926238e-14
-1.6 5.75146446587e-14
-1.59 5.80390588013e-14
-1.58 5.85682702511e-14
-1.57 5.91016436402e-14
-1.56 5.96392623832e-14
-1.55 6.01822080935e-14
-1.54 6.0729699424e-14
-1.53 6.12821270224e-14
-1.52 6.18418981541e-14
-1.51 6.24066112229e-14
-1.5 6.29760013879e-14
-1.49 6.35513460723e-14
-1.48 6.41329530324e-14
-1.47 6.47180064407e-14
-1.46 6.5308165359e-14
-1.45 6.5904676215e-14
-1.44 6.65062992092e-14
-1.43 6.71087691466e-14
-1.42 6.7716241526e-14
-1.41 6.832788677e-14
-1.4 6.89413736118e-14
-1.39 6.95590558611e-14
-1.38 7.01792764478e-14
-1.37 7.08004857317e-14
-1.36 7.14246259654e-14
-1.35 7.20501757754e-14
-1.34 7.26802482088e-14
-1.33 7.33117497634e-14
-1.32 7.39446324024e-14
-1.31 7.4579297751e-14
-1.3 7.52181946131e-14
-1.29 7.58601961467e-14
-1.28 7.65060582089e-14
-1.27 7.71544238691e-14
-1.26 7.7806922637e-14
-1.25 7.84642986074e-14
-1.24 7.91272374831e-14
-1.23 7.97928774719e-14
-1.22 8.04634853977e-14
-1.21 8.11403467227e-14
-1.2 8.18207014731e-14
-1.19 8.25081929236e-14
-1.18 8.31985826068e-14
-1.17 8.3894091229e-14
-1.16 8.45940550602e-14
-1.15 8.52988063847e-14
-1.14 8.6004291555e-14
-1.13 8.67174430589e-14
-1.12 8.74308776929e-14
-1.11 8.81489104153e-14
-1.1 8.88647537915e-14
-1.09 8.95846843012e-14
-1.08 9.03058513722e-14
-1.07 9.10277969522e-14
-1.06 9.17503940041e-14
-1.05 9.24712031657e-14
-1.04 9.31951187579e-14
-1.03 9.39162345732e-14
-1.02 9.46390579336e-14
-1.01 9.53621210571e-14
-1.0 9.60832007504e-14
-0.99 9.68075027028e-14
-0.98 9.75302586283e-14
-0.97 9.8254615697e-14
-0.96 9.89809323213e-14
-0.95 9.97065488955e-14
-0.94 1.00436762699e-13
-0.93 1.0116728208e-13
-0.92 1.01902088997e-13
-0.91 1.02636550098e-13
-0.9 1.03375410104e-13
-0.89 1.0411652244e-13
-0.88 1.04858665541e-13
-0.87 1.05604021797e-13
-0.86 1.06351014374e-13
-0.85 1.07102807515e-13
-0.84 1.07852995322e-13
-0.83 1.08603575281e-13
-0.82 1.09353699013e-13
-0.81 1.10105498675e-13
-0.8 1.10854494025e-13
-0.79 1.11603283269e-13
-0.78 1.12346881261e-13
-0.77 1.13088604813e-13
-0.76 1.13825093466e-13
-0.75 1.14557674641e-13
-0.74 1.1528625465e-13
-0.73 1.16009887921e-13
-0.72 1.16724932171e-13
-0.71 1.17437918727e-13
-0.7 1.18142197165e-13
-0.69 1.18842429089e-13
-0.68 1.19537638171e-13
-0.67 1.20226803461e-13
-0.66 1.20911176012e-13
-0.65 1.21594049737e-13
-0.64 1.22271261839e-13
-0.63 1.22945641605e-13
-0.62 1.23615293769e-13
-0.61 1.24284133438e-13
-0.6 1.24951944408e-13
-0.59 1.25616192295e-13
-0.58 1.26278869079e-13
-0.57 1.26941330542e-13
-0.56 1.27601015521e-13
-0.55 1.28256224047e-13
-0.54 1.2891058472e-13
-0.53 1.29558211086e-13
-0.52 1.30201514645e-13
-0.51 1.30840393938e-13
-0.5 1.31474147482e-13
-0.49 1.32095679098e-13
-0.48 1.3271015631e-13
-0.47 1.33317360818e-13
-0.46 1.33908637528e-13
-0.45 1.3449289412e-13
-0.44 1.35063127731e-13
-0.43 1.35619853276e-13
-0.42 1.36162495058e-13
-0.41 1.36689747764e-13
-0.4 1.37204038704e-13
-0.39 1.37702144797e-13
-0.38 1.38188261733e-13
-0.37 1.38662463084e-13
-0.36 1.39122929692e-13
-0.35 1.39572221902e-13
-0.34 1.40009272833e-13
-0.33 1.40438246313e-13
-0.32 1.408568395e-13
-0.31 1.41269008334e-13
-0.3 1.41671188368e-13
-0.29 1.42067169013e-13
-0.28 1.42457450499e-13
-0.27 1.42841088522e-13
-0.26 1.4322035725e-13
-0.25 1.43591478224e-13
-0.24 1.43953779874e-13
-0.23 1.44310838159e-13
-0.22 1.44657037314e-13
-0.21 1.44994132806e-13
-0.2 1.4531899805e-13
-0.19 1.45631009945e-13
-0.18 1.45930481224e-13
-0.17 1.46215754141e-13
-0.16 1.46478750116e-13
-0.15 1.46725405696e-13
-0.14 1.46951529428e-13
-0.13 1.47158968592e-13
-0.12 1.47342144874e-13
-0.11 1.47508048387e-13
-0.1 1.47649869736e-13
-0.0900000000001 1.47769528717e-13
-0.0800000000001 1.47866992923e-13
-0.0700000000001 1.47947627854e-13
-0.0600000000001 1.48006467589e-13
-0.0500000000001 1.48051227975e-13
-0.0400000000001 1.48076714427e-13
-0.0300000000001 1.48088493966e-13
-0.0200000000001 1.48087571539e-13
-0.0100000000001 1.48074705472e-13
0.0 1.48054513912e-13
0.00999999999994 1.48025219599e-13
0.0199999999999 1.47986621186e-13
0.0299999999999 1.47945100947e-13
0.0399999999999 1.47894074447e-13
0.0499999999999 1.47837783326e-13
0.0599999999999 1.47778244689e-13
0.0699999999999 1.47710157009e-13
0.0799999999999 1.47635497796e-13
0.0899999999999 1.47551105494e-13
0.0999999999999 1.4745643386e-13
0.11 1.47348192569e-13
0.12 1.47229314017e-13
0.13 1.47095074584e-13
0.14 1.46939011979e-13
0.15 1.46765150395e-13
0.16 1.46572292802e-13
0.17 1.46353901858e-13
0.18 1.46114640103e-13
0.19 1.45854089673e-13
0.2 1.45562627536e-13
0.21 1.45251127708e-13
0.22 1.44918583755e-13
0.23 1.44557749338e-13
0.24 1.441811904e-13
0.25 1.43784940398e-13
0.26 1.43371345628e-13
0.27 1.42943292449e-13
0.28 1.42505297716e-13
0.29 1.42053984709e-13
0.3 1.41599366153e-13
0.31 1.41138208894e-13
0.32 1.40673532405e-13
0.33 1.40208327148e-13
0.34 1.39744876492e-13
0.35 1.39281209081e-13
0.36 1.38820260072e-13
0.37 1.38360354693e-13
0.38 1.37902222453e-13
0.39 1.37443714161e-13
0.4 1.36984668866e-13
0.41 1.36521089766e-13
0.42 1.36050887871e-13
0.43 1.35576972828e-13
0.44 1.35087941935e-13
0.45 1.34588607402e-13
0.46 1.34072327583e-13
0.47 1.3353753034e-13
0.48 1.32986854811e-13
0.49 1.3241387896e-13
0.5 1.31819882793e-13
0.51 1.31201939107e-13
0.52 1.30564792708e-13
0.53 1.29903890769e-13
0.54 1.29222853891e-13
0.55 1.28527540692e-13
0.56 1.27812919825e-13
0.57 1.27087220417e-13
0.58 1.26347221091e-13
0.59 1.25606146873e-13
0.6 1.24860033315e-13
0.61 1.24112349364e-13
0.62 1.23370211077e-13
0.63 1.22631114632e-13
0.64 1.21903804996e-13
0.65 1.2118713006e-13
0.66 1.20481234703e-13
0.67 1.19791088109e-13
0.68 1.19114753996e-13
0.69 1.18449043966e-13
0.7 1.1779674621e-13
0.71 1.17153734396e-13
0.72 1.16519719952e-13
0.73 1.15888250553e-13
0.74 1.15260276774e-13
0.75 1.14627824165e-13
0.76 1.13992180747e-13
0.77 1.13346730048e-13
0.78 1.12688869121e-13
0.79 1.12012792775e-13
0.8 1.11322540501e-13
0.81 1.10608206922e-13
0.82 1.09874613874e-13
0.83 1.09120767026e-13
0.84 1.08344629169e-13
0.85 1.07549019266e-13
0.86 1.06736104537e-13
0.87 1.05906577222e-13
0.88 1.05062158257e-13
0.89 1.04213043076e-13
0.9 1.0336026741e-13
0.91 1.02504684892e-13
0.92 1.01657327842e-13
0.93 1.00820792133e-13
0.94 9.99952598404e-14
0.95 9.91889946986e-14
0.96 9.84036683144e-14
0.97 9.76428861705e-14
0.98 9.69069319711e-14
0.99 9.61983590342e-14
1.0 9.55125021205e-14
1.01 9.48543164049e-14
1.02 9.42167079302e-14
1.03 9.35989361357e-14
1.04 9.29946456323e-14
1.05 9.24036800764e-14
1.06 9.18182146367e-14
1.07 9.1231694965e-14
1.08 9.06403966411e-14
1.09 9.00401637469e-14
1.1 8.94247224881e-14
1.11 8.87909439484e-14
1.12 8.81344357601e-14
1.13 8.74540528223e-14
1.14 8.67469337615e-14
1.15 8.60144522307e-14
1.16 8.52542751306e-14
1.17 8.44733361962e-14
1.18 8.36699950691e-14
1.19 8.28492965911e-14
1.2 8.20179967737e-14
1.21 8.11780195423e-14
1.22 8.03400128853e-14
1.23 7.95056706074e-14
1.24 7.86873179607e-14
1.25 7.7885011753e-14
1.26 7.71095672364e-14
1.27 7.63630933937e-14
1.28 7.56515690368e-14
1.29 7.49778320215e-14
1.3 7.4341367753e-14
1.31 7.37441180289e-14
1.32 7.31854352537e-14
1.33 7.26622858472e-14
1.34 7.21705741936e-14
1.35 7.17028881841e-14
1.36 7.12573721494e-14
1.37 7.08236271549e-14
1.38 7.03940250324e-14
1.39 6.99628765251e-14
1.4 6.95230997404e-14
1.41 6.90647622507e-14
1.42 6.85843622429e-14
1.43 6.80743405298e-14
1.44 6.75336599412e-14
1.45 6.69564864193e-14
1.46 6.63416395464e-14
1.47 6.56905823506e-14
1.48 6.50044137828e-14
1.49 6.42856456025e-14
1.5 6.35409297714e-14
1.51 6.27738647569e-14
1.52 6.19941266906e-14
1.53 6.12080226204e-14
1.54 6.04252638105e-14
1.55 5.96551135175e-14
1.56 5.89057894023e-14
1.57 5.81866384816e-14
1.58 5.7505537746e-14
1.59 5.68704013959e-14
1.6 5.62828734958e-14
1.61 5.57506284904e-14
1.62 5.52714398786e-14
1.63 5.48471407559e-14
1.64 5.44719781432e-14
1.65 5.41434801483e-14
1.66 5.38538242134e-14
1.67 5.35946190912e-14
1.68 5.33562564493e-14
1.69 5.31281893606e-14
1.7 5.29000780726e-14
1.71 5.26599436558e-14
1.72 5.24005427286e-14
1.73 5.21109296057e-14
1.74 5.17817963705e-14
1.75 5.14101955728e-14
1.76 5.09890314723e-14
1.77 5.05162778343e-14
1.78 4.99895392642e-14
1.79 4.9412274117e-14
1.8 4.8786559158e-14
1.81 4.8118716466e-14
1.82 4.74140975902e-14
1.83 4.66829972524e-14
1.84 4.59364721837e-14
1.85 4.51860967564e-14
1.86 4.44434088049e-14
1.87 4.37220121006e-14
1.88 4.30343161208e-14
1.89 4.23926035162e-14
1.9 4.18067192109e-14
1.91 4.12857119503e-14
1.92 4.08369065196e-14
1.93 4.0461616979e-14
1.94 4.01607928526e-14
1.95 3.99321260505e-14
1.96 3.97686314909e-14
1.97 3.9660588742e-14
1.98 3.95988254758e-14
1.99 3.95686001553e-14
2.0 3.95560339471e-14
2.01 3.9546827914e-14
2.02 3.9525280425e-14
2.03 3.94786002512e-14
2.04 3.93944768093e-14
2.05 3.92587782136e-14
2.06 3.90651067791e-14
2.07 3.88059066986e-14
2.08 3.84763673881e-14
2.09 3.80725806291e-14
2.1 3.75972732595e-14
2.11 3.7052494777e-14
2.12 3.64431444113e-14
2.13 3.57777581499e-14
2.14 3.50664746946e-14
2.15 3.43230545087e-14
2.16 3.35614576894e-14
2.17 3.27989152565e-14
2.18 3.20518780214e-14
2.19 3.13401934636e-14
2.2 3.06794629172e-14
2.21 3.00892687644e-14
2.22 2.95820065541e-14
2.23 2.91694627538e-14
2.24 2.88601488478e-14
2.25 2.86546988421e-14
2.26 2.85522535484e-14
2.27 2.85444936539e-14
2.28 2.8618703699e-14
2.29 2.87607349968e-14
2.3 2.89491283621e-14
2.31 2.91670264562e-14
2.32 2.93912762812e-14
2.33 2.96032036971e-14
2.34 2.97832987945e-14
2.35 2.99153360197e-14
2.36 2.99836268141e-14
2.37 2.99771547744e-14
2.38 2.98838701734e-14
2.39 2.96982141969e-14
2.4 2.94159928218e-14
2.41 2.90355053103e-14
2.42 2.85592955918e-14
2.43 2.79917487556e-14
2.44 2.73419934124e-14
2.45 2.66188611559e-14
2.46 2.58391455262e-14
2.47 2.5017734472e-14
2.48 2.41762597825e-14
2.49 2.33366743927e-14
2.5 2.25238062216e-14
2.51 2.17641843046e-14
2.52 2.10865174356e-14
2.53 2.05128637634e-14
2.54 2.00684339503e-14
2.55 1.9767727002e-14
2.56 1.96194067569e-14
2.57 1.96227176152e-14
2.58 1.97668718526e-14
2.59 2.00339263915e-14
2.6 2.03990694542e-14
2.61 2.08338013754e-14
2.62 2.1310076537e-14
2.63 2.17956313852e-14
2.64 2.22669653568e-14
2.65 2.26968657396e-14
2.66 2.30644809716e-14
2.67 2.33522039418e-14
2.68 2.35411879683e-14
2.69 2.36241310688e-14
2.7 2.35891810253e-14
2.71 2.34322012041e-14
2.72 2.31496197876e-14
2.73 2.27424751012e-14
2.74 2.2213915687e-14
2.75 2.15703645146e-14
2.76 2.08213908421e-14
2.77 1.99816236491e-14
2.78 1.90632192968e-14
2.79 1.80930788816e-14
2.8 1.70913754049e-14
2.81 1.60905564634e-14
2.82 1.51264765279e-14
2.83 1.42399243631e-14
2.84 1.34765870186e-14
2.85 1.28833157915e-14
2.86 1.24988061085e-14
2.87 1.23508521716e-14
2.88 1.244471011e-14
2.89 1.2763530846e-14
2.9 1.32720413229e-14
2.91 1.39230947906e-14
2.92 1.46674044849e-14
2.93 1.54580594727e-14
2.94 1.62546522676e-14
2.95 1.70206368231e-14
2.96 1.77272073882e-14
2.97 1.83493241779e-14
2.98 1.8867319298e-14
2.99 1.92643310587e-14
3.0 1.95323347975e-14
3.01 1.96563826139e-14
3.02 1.96353384294e-14
3.03 1.94634479386e-14
3.04 1.91407004185e-14
3.05 1.86684458512e-14
3.06 1.80504418775e-14
3.07 1.7294037276e-14
3.08 1.64077798298e-14
3.09 1.540438451e-14
3.1 1.42995865398e-14
3.11 1.31108600969e-14
3.12 1.18650023422e-14
3.13 1.05951175689e-14
3.14 9.34555372475e-15
3.15 8.18226726842e-15
3.16 7.1903183611e-15
3.17 6.49671681791e-15
3.18 6.21940561234e-15
3.19 6.41838098199e-15
3.2 7.04032843274e-15
3.21 7.96074416283e-15
3.22 9.05479959842e-15
3.23 1.02264763872e-14
3.24 1.14097904095e-14
3.25 1.25597091875e-14
3.26 1.36367836832e-14
3.27 1.46228792538e-14
3.28 1.54928703658e-14
3.29 1.62328686737e-14
3.3 1.68302625872e-14
3.31 1.7276400085e-14
3.32 1.75617917816e-14
3.33 1.76850154636e-14
3.34 1.76397210976e-14
3.35 1.74265213872e-14
3.36 1.70460375417e-14
3.37 1.65015742886e-14
3.38 1.57975334163e-14
3.39 1.49409756178e-14
3.4 1.39388702625e-14
3.41 1.27991273972e-14
3.42 1.15400172897e-14
3.43 1.01654129781e-14
3.44 8.69493166692e-15
3.45 7.14173410309e-15
3.46 5.5229173629e-15
3.47 3.85911912137e-15
3.48 2.18712343589e-15
3.49 7.4760287137e-16
3.5 1.54480780814e-15
3.51 3.19107855589e-15
3.52 4.86120308733e-15
3.53 6.49569742359e-15
3.54 8.07024523945e-15
3.55 9.56727879026e-15
3.56 1.09706647904e-14
3.57 1.22634124013e-14
3.58 1.34408736314e-14
3.59 1.44798459915e-14
3.6 1.5379188212e-14
3.61 1.61268307515e-14
3.62 1.67159004602e-14
3.63 1.71434549439e-14
3.64 1.73990971068e-14
3.65 1.74878600308e-14
3.66 1.74049345526e-14
3.67 1.71540487108e-14
3.68 1.67384854091e-14
3.69 1.6164280822e-14
3.7 1.54389214224e-14
3.71 1.45730770569e-14
3.72 1.35790487986e-14
3.73 1.24755337179e-14
3.74 1.12750475569e-14
3.75 1.00127257474e-14
3.76 8.7178013464e-15
3.77 7.44519210315e-15
3.78 6.27896493311e-15
3.79 5.35313309829e-15
3.8 4.86826755715e-15
3.81 4.97163250383e-15
3.82 5.63978517908e-15
3.83 6.68846588741e-15
3.84 7.9415412871e-15
3.85 9.2822721321e-15
3.86 1.06372491389e-14
3.87 1.19612358223e-14
3.88 1.32219908558e-14
3.89 1.43973412843e-14
3.9 1.54624119139e-14
3.91 1.64110014762e-14
3.92 1.72244566983e-14
3.93 1.78954257972e-14
3.94 1.841649224e-14
3.95 1.8779221249e-14
3.96 1.89933138147e-14
3.97 1.90432756946e-14
3.98 1.89432445476e-14
3.99 1.86934427437e-14
4.0 1.83015171055e-14
4.01 1.77786350338e-14
4.02 1.71380957047e-14
4.03 1.63976454627e-14
4.04 1.55791202462e-14
4.05 1.47094728912e-14
4.06 1.38230345208e-14
4.07 1.29632795945e-14
4.08 1.21739053594e-14
4.09 1.15115595499e-14
4.1 1.10440299076e-14
4.11 1.0812215324e-14
4.12 1.08589533367e-14
4.13 1.11795400494e-14
4.14 1.17465729293e-14
4.15 1.25188997142e-14
4.16 1.34381199058e-14
4.17 1.44505207283e-14
4.18 1.55078959617e-14
4.19 1.65701025376e-14
4.2 1.76032645881e-14
4.21 1.85799764385e-14
4.22 1.94788976709e-14
4.23 2.02830564138e-14
4.24 2.09764521304e-14
4.25 2.15498641e-14
4.26 2.19953760412e-14
4.27 2.23123122634e-14
4.28 2.24925271002e-14
4.29 2.25438704882e-14
4.3 2.24714934283e-14
4.31 2.22782597691e-14
4.32 2.19774020675e-14
4.33 2.15830472725e-14
4.34 2.11129353976e-14
4.35 2.05882741039e-14
4.36 2.00340890908e-14
4.37 1.94786787511e-14
4.38 1.89530352963e-14
4.39 1.84851575319e-14
4.4 1.81176324409e-14
4.41 1.78817304766e-14
4.42 1.77839819835e-14
4.43 1.78638857807e-14
4.44 1.81038249395e-14
4.45 1.85129244218e-14
4.46 1.9074522503e-14
4.47 1.97549151901e-14
4.48 2.05298830392e-14
4.49 2.13697515744e-14
4.5 2.22447758787e-14
4.51 2.31269834189e-14
4.52 2.39914013526e-14
4.53 2.4815619945e-14
4.54 2.55807942577e-14
4.55 2.62652785439e-14
4.56 2.68689316176e-14
4.57 2.73828510203e-14
4.58 2.7782819811e-14
4.59 2.80888921741e-14
4.6 2.82807403467e-14
4.61 2.83758403346e-14
4.62 2.83806636465e-14
4.63 2.8295214993e-14
4.64 2.8136640186e-14
4.65 2.79196735042e-14
4.66 2.76610861208e-14
4.67 2.73802201869e-14
4.68 2.70997906703e-14
4.69 2.68420101308e-14
4.7 2.66288784669e-14
4.71 2.64798589324e-14
4.72 2.64182643548e-14
4.73 2.64564628872e-14
4.74 2.66057135419e-14
4.75 2.68682451076e-14
4.76 2.72473143023e-14
4.77 2.77328008092e-14
4.78 2.83134669743e-14
4.79 2.8974196385e-14
4.8 2.96965753032e-14
4.81 3.04620255254e-14
4.82 3.12502207817e-14
4.83 3.20410851986e-14
4.84 3.28162578396e-14
4.85 3.35594787894e-14
4.86 3.42556736496e-14
4.87 3.48990062516e-14
4.88 3.54698586803e-14
4.89 3.59594169281e-14
4.9 3.63856363675e-14
4.91 3.67185838201e-14
4.92 3.69874184434e-14
4.93 3.71761811466e-14
4.94 3.72903500479e-14
4.95 3.73552778406e-14
4.96 3.73744134977e-14
4.97 3.73611253508e-14
4.98 3.73307759711e-14
4.99 3.72985064052e-14
5.0 3.72799768268e-14
