-5.0 2.00709047076e-15
-4.99 2.02565993285e-15
-4.98 2.04402421767e-15
-4.97 2.06237845489e-15
-4.96 2.08070146695e-15
-4.95 2.09901524421e-15
-4.94 2.11755605085e-15
-4.93 2.13636228433e-15
-4.92 2.15561283337e-15
-4.91 2.17535292904e-15
-4.9 2.19571997285e-15
-4.89 2.21673492411e-15
-4.88 2.23855259214e-15
-4.87 2.26110955465e-15
-4.86 2.28447461909e-15
-4.85 2.30856182831e-15
-4.84 2.33348226608e-15
-4.83 2.35910631144e-15
-4.82 2.3853961372e-15
-4.81 2.41216799987e-15
-4.8 2.43939031192e-15
-4.79 2.46692935671e-15
-4.78 2.49469959787e-15
-4.77 2.5225249655e-15
-4.76 2.55021419458e-15
-4.75 2.5778134249e-15
-4.74 2.60520382847e-15
-4.73 2.63218811523e-15
-4.72 2.65881971327e-15
-4.71 2.68505897103e-15
-4.7 2.71090355827e-15
-4.69 2.73640334685e-15
-4.68 2.76157030786e-15
-4.67 2.78650652139e-15
-4.66 2.8113400304e-15
-4.65 2.83615931263e-15
-4.64 2.86104201958e-15
-4.63 2.88629447296e-15
-4.62 2.9119029953e-15
-4.61 2.93815955453e-15
-4.6 2.96512099161e-15
-4.59 2.99295639467e-15
-4.58 3.02171575828e-15
-4.57 3.05151003691e-15
-4.56 3.08236289237e-15
-4.55 3.11434725126e-15
-4.54 3.14742192019e-15
-4.53 3.18153024312e-15
-4.52 3.21654432223e-15
-4.51 3.25242582003e-15
-4.5 3.28907606571e-15
-4.49 3.32624698012e-15
-4.48 3.36383332788e-15
-4.47 3.40165164652e-15
-4.46 3.43955666219e-15
-4.45 3.47734003369e-15
-4.44 3.51488957023e-15
-4.43 3.55210460745e-15
-4.42 3.58883748618e-15
-4.41 3.62509269506e-15
-4.4 3.66082335414e-15
-4.39 3.69595345732e-15
-4.38 3.73052680569e-15
-4.37 3.764861319e-15
-4.36 3.79873187868e-15
-4.35 3.83253368134e-15
-4.34 3.86635624783e-15
-4.33 3.90024929798e-15
-4.32 3.93462832175e-15
-4.31 3.96964330797e-15
-4.3 4.00549351945e-15
-4.29 4.04220127432e-15
-4.28 4.08012218716e-15
-4.27 4.11938437715e-15
-4.26 4.16002935811e-15
-4.25 4.20216468186e-15
-4.24 4.24567358601e-15
-4.23 4.29072956186e-15
-4.22 4.33714636473e-15
-4.21 4.38495640999e-15
-4.2 4.43380478753e-15
-4.19 4.48369485533e-15
-4.18 4.53442397233e-15
-4.17 4.58552720424e-15
-4.16 4.63706846464e-15
-4.15 4.68866989855e-15
-4.14 4.74021217001e-15
-4.13 4.7913786308e-15
-4.12 4.84221360821e-15
-4.11 4.89235634044e-15
-4.1 4.94183360673e-15
-4.09 4.99069753421e-15
-4.08 5.03859903758e-15
-4.07 5.08601301122e-15
-4.06 5.13290491568e-15
-4.05 5.17928709451e-15
-4.04 5.22542680093e-15
-4.03 5.27157125523e-15
-4.02 5.31799978256e-15
-4.01 5.36488175482e-15
-4.0 5.41255060017e-15
-3.99 5.46123983341e-15
-3.98 5.51114997015e-15
-3.97 5.56285256762e-15
-3.96 5.61617884678e-15
-3.95 5.67118975276e-15
-3.94 5.72830691896e-15
-3.93 5.78732379833e-15
-3.92 5.8484314171e-15
-3.91 5.91136724907e-15
-3.9 5.9761706492e-15
-3.89 6.04255481426e-15
-3.88 6.11028465643e-15
-3.87 6.17907980859e-15
-3.86 6.2487960352e-15
-3.85 6.31895735634e-15
-3.84 6.38942205056e-15
-3.83 6.45980649066e-15
-3.82 6.52985618057e-15
-3.81 6.59932296254e-15
-3.8 6.66805596779e-15
-3.79 6.73598866205e-15
-3.78 6.80292584816e-15
-3.77 6.86888581072e-15
-3.76 6.93392184966e-15
-3.75 6.99820169102e-15
-3.74 7.0619643126e-15
-3.73 7.12513642829e-15
-3.72 7.1882822396e-15
-3.71 7.2516228904e-15
-3.7 7.31559148671e-15
-3.69 7.38031167954e-15
-3.68 7.44656477928e-15
-3.67 7.5143384115e-15
-3.66 7.58398664388e-15
-3.65 7.65609396303e-15
-3.64 7.73056830108e-15
-3.63 7.80747869738e-15
-3.62 7.88724481785e-15
-3.61 7.96979858784e-15
-3.6 8.05477902319e-15
-3.59 8.14234056614e-15
-3.58 8.23225932399e-15
-3.57 8.32415592922e-15
-3.56 8.41778750838e-15
-3.55 8.51253672147e-15
-3.54 8.60804817385e-15
-3.53 8.70429411107e-15
-3.52 8.80055848531e-15
-3.51 8.89649612351e-15
-3.5 8.99198808873e-15
-3.49 9.08647665427e-15
-3.48 9.17986962187e-15
-3.47 9.27178145738e-15
-3.46 9.36266398911e-15
-3.45 9.4521022976e-15
-3.44 9.54018023351e-15
-3.43 9.62759965256e-15
-3.42 9.7143141925e-15
-3.41 9.8004464518e-15
-3.4 9.88691276361e-15
-3.39 9.97389047559e-15
-3.38 1.00618896938e-14
-3.37 1.01513821987e-14
-3.36 1.02430639279e-14
-3.35 1.03371379452e-14
-3.34 1.04341680866e-14
-3.33 1.05344345246e-14
-3.32 1.06381825983e-14
-3.31 1.0745620629e-14
-3.3 1.08568490087e-14
-3.29 1.09715302334e-14
-3.28 1.10899869732e-14
-3.27 1.12117194143e-14
-3.26 1.13363209328e-14
-3.25 1.1463182075e-14
-3.24 1.15924598239e-14
-3.23 1.1722940281e-14
-3.22 1.18541581257e-14
-3.21 1.19859339515e-14
-3.2 1.21173026875e-14
-3.19 1.2248058516e-14
-3.18 1.23776545585e-14
-3.17 1.25056381936e-14
-3.16 1.26321517244e-14
-3.15 1.27564379565e-14
-3.14 1.28789790152e-14
-3.13 1.29998646348e-14
-3.12 1.31196398537e-14
-3.11 1.32377990083e-14
-3.1 1.3355348578e-14
-3.09 1.34726690924e-14
-3.08 1.35907109969e-14
-3.07 1.37100940235e-14
-3.06 1.38310605947e-14
-3.05 1.39549788521e-14
-3.04 1.40817133343e-14
-3.03 1.4212595899e-14
-3.02 1.43476918794e-14
-3.01 1.44875586259e-14
-3.0 1.46324158175e-14
-2.99 1.47824831896e-14
-2.98 1.49380390553e-14
-2.97 1.50979627161e-14
-2.96 1.5262836388e-14
-2.95 1.54316908641e-14
-2.94 1.56043104227e-14
-2.93 1.57795595174e-14
-2.92 1.59572433442e-14
-2.91 1.61360147129e-14
-2.9 1.63155505572e-14
-2.89 1.64951289732e-14
-2.88 1.66729881503e-14
-2.87 1.68496315397e-14
-2.86 1.70248224025e-14
-2.85 1.71970060979e-14
-2.84 1.73669098936e-14
-2.83 1.75335720044e-14
-2.82 1.76985335949e-14
-2.81 1.78607815795e-14
-2.8 1.80213726204e-14
-2.79 1.81810865986e-14
-2.78 1.8340219184e-14
-2.77 1.85000436027e-14
-2.76 1.86616478029e-14
-2.75 1.88251585984e-14
-2.74 1.89922127065e-14
-2.73 1.91633475929e-14
-2.72 1.93402929275e-14
-2.71 1.9522759213e-14
-2.7 1.97117975893e-14
-2.69 1.99078836503e-14
-2.68 2.01111219078e-14
-2.67 2.03204415181e-14
-2.66 2.05373272507e-14
-2.65 2.0760800538e-14
-2.64 2.09893058317e-14
-2.63 2.12231834417e-14
-2.62 2.14607464137e-14
-2.61 2.17009254667e-14
-2.6 2.194321141e-14
-2.59 2.21862362393e-14
-2.58 2.24293293343e-14
-2.57 2.26701917309e-14
-2.56 2.29091883731e-14
-2.55 2.31458863526e-14
-2.54 2.33787790438e-14
-2.53 2.36081393283e-14
-2.52 2.38334815053e-14
-2.51 2.4055715025e-14
-2.5 2.42750499591e-14
-2.49 2.44918885155e-14
-2.48 2.47074120867e-14
-2.47 2.49223228974e-14
-2.46 2.51378390169e-14
-2.45 2.535548211e-14
-2.44 2.55767168208e-14
-2.43 2.5802173907e-14
-2.42 2.60339755482e-14
-2.41 2.6272564771e-14
-2.4 2.65195395445e-14
-2.39 2.67748046951e-14
-2.38 2.70391442193e-14
-2.37 2.73130793689e-14
-2.36 2.7596701329e-14
-2.35 2.78893184145e-14
-2.34 2.81899408675e-14
-2.33 2.84980416749e-14
-2.32 2.88129454552e-14
-2.31 2.91318775689e-14
-2.3 2.94551673431e-14
-2.29 2.97804191318e-14
-2.28 3.01060644308e-14
-2.27 3.04312105978e-14
-2.26 3.07549395128e-14
-2.25 3.10746070979e-14
-2.24 3.1390085488e-14
-2.23 3.17019436549e-14
-2.22 3.20080345429e-14
-2.21 3.23101862235e-14
-2.2 3.2607265278e-14
-2.19 3.2900096039e-14
-2.18 3.31898575279e-14
-2.17 3.34778441986e-14
-2.16 3.37660178812e-14
-2.15 3.40544713534e-14
-2.14 3.43466508633e-14
-2.13 3.46429184554e-14
-2.12 3.49466323686e-14
-2.11 3.5257250162e-14
-2.1 3.55780802932e-14
-2.09 3.59092762764e-14
-2.08 3.62515315505e-14
-2.07 3.66069388119e-14
-2.06 3.69738516034e-14
-2.05 3.73533352678e-14
-2.04 3.77442852885e-14
-2.03 3.81451948875e-14
-2.02 3.85562893187e-14
-2.01 3.89746480191e-14
-2.0 3.93989563595e-14
-1.99 3.9827769047e-14
-1.98 4.0258763363e-14
-1.97 4.06896845326e-14
-1.96 4.1119017493e-14
-1.95 4.15456137042e-14
-1.94 4.19680271188e-14
-1.93 4.23841439068e-14
-1.92 4.27943285995e-14
-1.91 4.31981836571e-14
-1.9 4.35942651119e-14
-1.89 4.39852554994e-14
-1.88 4.43707108981e-14
-1.87 4.47529355438e-14
-1.86 4.51318325593e-14
-1.85 4.55111271751e-14
-1.84 4.58919201688e-14
-1.83 4.62782821256e-14
-1.82 4.66696521289e-14
-1.81 4.70691075576e-14
-1.8 4.74799731042e-14
-1.79 4.79031253868e-14
-1.78 4.83399313473e-14
-1.77 4.8791837264e-14
-1.76 4.92596178088e-14
-1.75 4.97416473304e-14
-1.74 5.02404811174e-14
-1.73 5.07527904429e-14
-1.72 5.12784025128e-14
-1.71 5.18151076672e-14
-1.7 5.23606088718e-14
-1.69 5.29136924049e-14
-1.68 5.34704696062e-14
-1.67 5.40296011764e-14
-1.66 5.45888676876e-14
-1.65 5.51437024649e-14
-1.64 5.56938265336e-14
-1.63 5.62378294046e-14
-1.62 5.67728054546e-14
-1.61 5.72994045772e-14
-1.6 5.78169612415e-14
-1.59 5.83254984554e-14
-1.58 5.88254729771e-14
-1.57 5.93196213265e-14
-1.56 5.98076672918e-14
-1.55 6.02899191917e-14
-1.54 6.07755067141e-14
-1.53 6.12625892118e-14
-1.52 6.17532923987e-14
-1.51 6.22540293796e-14
-1.5 6.27645214191e-14
-1.49 6.32876999204e-14
-1.48 6.38276257393e-14
-1.47 6.43857613884e-14
-1.46 6.49589380952e-14
-1.45 6.55555080812e-14
-1.44 6.61684241822e-14
-1.43 6.68009107619e-14
-1.42 6.74506046066e-14
-1.41 6.81155530769e-14
-1.4 6.87933365632e-14
-1.39 6.94806576915e-14
-1.38 7.01772581403e-14
-1.37 7.08746448058e-14
-1.36 7.1573127706e-14
-1.35 7.22706848495e-14
-1.34 7.29597473522e-14
-1.33 7.36426898764e-14
-1.32 7.43148723407e-14
-1.31 7.49749218692e-14
-1.3 7.56193118588e-14
-1.29 7.62529006416e-14
-1.28 7.68730622132e-14
-1.27 7.74797078067e-14
-1.26 7.80759768566e-14
-1.25 7.8665628403e-14
-1.24 7.92492563808e-14
-1.23 7.9830802863e-14
-1.22 8.04141290605e-14
-1.21 8.10027638597e-14
-1.2 8.16017467243e-14
-1.19 8.22109634331e-14
-1.18 8.28393605935e-14
-1.17 8.34846359604e-14
-1.16 8.4152269784e-14
-1.15 8.48392694179e-14
-1.14 8.55507120089e-14
-1.13 8.62859802817e-14
-1.12 8.70412534984e-14
-1.11 8.78155701935e-14
-1.1 8.86077709668e-14
-1.09 8.94119428781e-14
-1.08 9.02266926277e-14
-1.07 9.10473894371e-14
-1.06 9.18703944314e-14
-1.05 9.26880873586e-14
-1.04 9.34996803669e-14
-1.03 9.43009485654e-14
-1.02 9.50850016502e-14
-1.01 9.585332716e-14
-1.0 9.66023248702e-14
-0.99 9.73282355462e-14
-0.98 9.80370966012e-14
-0.97 9.87227697639e-14
-0.96 9.93887328198e-14
-0.95 1.00038708066e-13
-0.94 1.00676392852e-13
-0.93 1.01304057214e-13
-0.92 1.01925082049e-13
-0.91 1.02548201569e-13
-0.9 1.03173569492e-13
-0.89 1.03809047019e-13
-0.88 1.04456428185e-13
-0.87 1.05124992382e-13
-0.86 1.05811648556e-13
-0.85 1.06523018428e-13
-0.84 1.07258349794e-13
-0.83 1.08020475806e-13
-0.82 1.08805486791e-13
-0.81 1.0961546833e-13
-0.8 1.10443853646e-13
-0.79 1.11288690178e-13
-0.78 1.12145686143e-13
-0.77 1.13009605324e-13
-0.76 1.13873288228e-13
-0.75 1.14735489174e-13
-0.74 1.15584525967e-13
-0.73 1.16418668338e-13
-0.72 1.17231751671e-13
-0.71 1.18019742056e-13
-0.7 1.18777649887e-13
-0.69 1.19505476462e-13
-0.68 1.20201807964e-13
-0.67 1.20863667371e-13
-0.66 1.2149655905e-13
-0.65 1.22097753268e-13
-0.64 1.22674816431e-13
-0.63 1.23232357515e-13
-0.62 1.23771075507e-13
-0.61 1.24296850973e-13
-0.6 1.24823380584e-13
-0.59 1.25348327228e-13
-0.58 1.25880262347e-13
-0.57 1.26424593402e-13
-0.56 1.26987939536e-13
-0.55 1.27575603302e-13
-0.54 1.281844638e-13
-0.53 1.28822162677e-13
-0.52 1.29483653313e-13
-0.51 1.30169074029e-13
-0.5 1.30879503246e-13
-0.49 1.31604070167e-13
-0.48 1.32342134847e-13
-0.47 1.33087673268e-13
-0.46 1.33832361689e-13
-0.45 1.3456863524e-13
-0.44 1.35293772592e-13
-0.43 1.35994375502e-13
-0.42 1.36665901338e-13
-0.41 1.37307276003e-13
-0.4 1.37909294159e-13
-0.39 1.38467005888e-13
-0.38 1.38982565687e-13
-0.37 1.39450540084e-13
-0.36 1.3987334075e-13
-0.35 1.40255272628e-13
-0.34 1.40595593005e-13
-0.33 1.40902541416e-13
-0.32 1.41179191511e-13
-0.31 1.4143504366e-13
-0.3 1.41672468315e-13
-0.29 1.41903998485e-13
-0.28 1.421348773e-13
-0.27 1.4237244054e-13
-0.26 1.42622939895e-13
-0.25 1.42889835462e-13
-0.24 1.43178295253e-13
-0.23 1.4349173635e-13
-0.22 1.43827651046e-13
-0.21 1.44191394598e-13
-0.2 1.44575582585e-13
-0.19 1.44978664428e-13
-0.18 1.4539680157e-13
-0.17 1.45818203471e-13
-0.16 1.4623712239e-13
-0.15 1.46651546662e-13
-0.14 1.47048689755e-13
-0.13 1.47418014595e-13
-0.12 1.47758213701e-13
-0.11 1.48058831589e-13
-0.1 1.48313863761e-13
-0.0900000000001 1.48520906729e-13
-0.0800000000001 1.4867500484e-13
-0.0700000000001 1.48778917364e-13
-0.0600000000001 1.48827506882e-13
-0.0500000000001 1.48825534418e-13
-0.0400000000001 1.48776645242e-13
-0.0300000000001 1.4868339007e-13
-0.0200000000001 1.48553074359e-13
-0.0100000000001 1.48391733697e-13
0.0 1.48209585847e-13
0.00999999999994 1.4801667815e-13
0.0199999999999 1.4781169511e-13
0.0299999999999 1.47613017945e-13
0.0399999999999 1.47421294736e-13
0.0499999999999 1.47243354378e-13
0.0599999999999 1.47087839547e-13
0.0699999999999 1.46952811085e-13
0.0799999999999 1.46841562314e-13
0.0899999999999 1.4675650329e-13
0.0999999999999 1.46691774079e-13
0.11 1.46646558316e-13
0.12 1.46617221776e-13
0.13 1.46597471565e-13
0.14 1.46576571711e-13
0.15 1.46550743476e-13
0.16 1.46512303789e-13
0.17 1.46447888367e-13
0.18 1.46359468459e-13
0.19 1.46230956714e-13
0.2 1.46063877345e-13
0.21 1.45849215493e-13
0.22 1.45585944022e-13
0.23 1.45272645232e-13
0.24 1.44907722766e-13
0.25 1.44498522689e-13
0.26 1.44038701149e-13
0.27 1.43536667998e-13
0.28 1.43005624365e-13
0.29 1.42443547727e-13
0.3 1.41859031819e-13
0.31 1.41266148388e-13
0.32 1.40664856515e-13
0.33 1.40064247001e-13
0.34 1.39473939235e-13
0.35 1.38899245505e-13
0.36 1.3834659404e-13
0.37 1.37813933937e-13
0.38 1.37308472042e-13
0.39 1.36826318385e-13
0.4 1.36364769983e-13
0.41 1.35933024679e-13
0.42 1.35514511029e-13
0.43 1.35106392277e-13
0.44 1.34709500892e-13
0.45 1.3430874086e-13
0.46 1.33901688351e-13
0.47 1.33481032853e-13
0.48 1.33040158579e-13
0.49 1.32572088161e-13
0.5 1.32070898705e-13
0.51 1.31537800213e-13
0.52 1.30965299092e-13
0.53 1.30353460871e-13
0.54 1.29702722918e-13
0.55 1.29012650379e-13
0.56 1.28290102409e-13
0.57 1.27534630774e-13
0.58 1.26754334697e-13
0.59 1.25952095004e-13
0.6 1.2513649329e-13
0.61 1.24311927236e-13
0.62 1.23485252577e-13
0.63 1.22668037953e-13
0.64 1.21860090481e-13
0.65 1.2106994606e-13
0.66 1.20298889834e-13
0.67 1.19551036191e-13
0.68 1.1883145119e-13
0.69 1.18136036278e-13
0.7 1.17466511055e-13
0.71 1.16818414861e-13
0.72 1.16191754785e-13
0.73 1.1558046444e-13
0.74 1.14980990124e-13
0.75 1.14387571665e-13
0.76 1.13793495649e-13
0.77 1.13195497221e-13
0.78 1.12582821666e-13
0.79 1.11956902166e-13
0.8 1.11312190805e-13
0.81 1.10642398033e-13
0.82 1.09948103296e-13
0.83 1.09225921081e-13
0.84 1.08476342636e-13
0.85 1.0770428415e-13
0.86 1.06905351802e-13
0.87 1.06084276974e-13
0.88 1.0524842244e-13
0.89 1.04400698436e-13
0.9 1.03542511958e-13
0.91 1.02682368987e-13
0.92 1.01823377991e-13
0.93 1.00973964505e-13
0.94 1.00139493732e-13
0.95 9.93202122782e-14
0.96 9.85165743562e-14
0.97 9.77406047315e-14
0.98 9.69856394828e-14
0.99 9.62588640459e-14
1.0 9.55524515911e-14
1.01 9.48708099916e-14
1.02 9.42101201879e-14
1.03 9.35652074081e-14
1.04 9.29344439697e-14
1.05 9.23134546949e-14
1.06 9.16953690941e-14
1.07 9.10821751169e-14
1.08 9.04616428841e-14
1.09 8.98319238717e-14
1.1 8.91956419796e-14
1.11 8.85432329023e-14
1.12 8.78735241703e-14
1.13 8.71888000366e-14
1.14 8.64853647087e-14
1.15 8.57658576786e-14
1.16 8.5030042444e-14
1.17 8.42809076531e-14
1.18 8.35202878836e-14
1.19 8.2752225602e-14
1.2 8.19788977118e-14
1.21 8.12056532963e-14
1.22 8.04365637546e-14
1.23 7.96760596674e-14
1.24 7.89271178166e-14
1.25 7.81905263776e-14
1.26 7.74714840273e-14
1.27 7.67756930452e-14
1.28 7.60977006924e-14
1.29 7.54420052152e-14
1.3 7.48078845299e-14
1.31 7.41938897428e-14
1.32 7.35977342558e-14
1.33 7.30183296317e-14
1.34 7.24534882087e-14
1.35 7.18987069715e-14
1.36 7.13506405453e-14
1.37 7.08077735242e-14
1.38 7.02646698392e-14
1.39 6.9718251983e-14
1.4 6.91670984592e-14
1.41 6.86077816924e-14
1.42 6.80393661879e-14
1.43 6.74586692866e-14
1.44 6.68689313604e-14
1.45 6.62658342425e-14
1.46 6.56536582994e-14
1.47 6.50303238878e-14
1.48 6.44010652204e-14
1.49 6.37657434232e-14
1.5 6.31273076954e-14
1.51 6.24898562157e-14
1.52 6.18559355554e-14
1.53 6.12275486772e-14
1.54 6.06090322295e-14
1.55 6.00009389946e-14
1.56 5.94076456295e-14
1.57 5.88294823608e-14
1.58 5.8268653498e-14
1.59 5.77245905522e-14
1.6 5.71981697492e-14
1.61 5.66890773623e-14
1.62 5.61958245665e-14
1.63 5.57168035518e-14
1.64 5.52506174163e-14
1.65 5.47939863133e-14
1.66 5.43453956677e-14
1.67 5.39022676659e-14
1.68 5.34613540166e-14
1.69 5.30212051887e-14
1.7 5.25785967745e-14
1.71 5.21313788896e-14
1.72 5.16792473427e-14
1.73 5.12193759501e-14
1.74 5.07524245319e-14
1.75 5.02781885454e-14
1.76 4.97962409851e-14
1.77 4.93073620382e-14
1.78 4.88135220231e-14
1.79 4.83144907441e-14
1.8 4.78147519245e-14
1.81 4.73143649863e-14
1.82 4.68154782206e-14
1.83 4.63212815405e-14
1.84 4.58331319279e-14
1.85 4.53533020611e-14
1.86 4.48849133677e-14
1.87 4.44273984143e-14
1.88 4.39827941042e-14
1.89 4.35514694357e-14
1.9 4.31329200226e-14
1.91 4.27289276674e-14
1.92 4.23381936194e-14
1.93 4.19581929746e-14
1.94 4.15899538761e-14
1.95 4.12306882561e-14
1.96 4.08791048505e-14
1.97 4.0532164609e-14
1.98 4.01889048592e-14
1.99 3.98476939459e-14
2.0 3.95051866322e-14
2.01 3.91616315331e-14
2.02 3.88151056833e-14
2.03 3.84636296612e-14
2.04 3.81080165033e-14
2.05 3.77462954154e-14
2.06 3.73792605446e-14
2.07 3.70079345219e-14
2.08 3.66327479022e-14
2.09 3.62530685352e-14
2.1 3.58722296167e-14
2.11 3.54910258189e-14
2.12 3.51093424342e-14
2.13 3.47316163864e-14
2.14 3.43577760545e-14
2.15 3.39893602716e-14
2.16 3.36277043479e-14
2.17 3.32746117431e-14
2.18 3.29314257459e-14
2.19 3.25976236846e-14
2.2 3.22744916435e-14
2.21 3.19619965978e-14
2.22 3.16580984586e-14
2.23 3.13647059835e-14
2.24 3.10800355335e-14
2.25 3.08032318446e-14
2.26 3.05326332404e-14
2.27 3.02676536506e-14
2.28 3.00054961417e-14
2.29 2.97455097586e-14
2.3 2.9486822103e-14
2.31 2.92280861431e-14
2.32 2.89669723459e-14
2.33 2.8703235667e-14
2.34 2.84368614302e-14
2.35 2.81668092325e-14
2.36 2.78930656406e-14
2.37 2.7615647655e-14
2.38 2.73355704443e-14
2.39 2.70516347459e-14
2.4 2.67667065002e-14
2.41 2.64804394207e-14
2.42 2.6195071111e-14
2.43 2.59104272703e-14
2.44 2.56285530905e-14
2.45 2.53495967626e-14
2.46 2.50763302873e-14
2.47 2.48082394384e-14
2.48 2.45466196226e-14
2.49 2.42925109708e-14
2.5 2.4045672337e-14
2.51 2.38070409686e-14
2.52 2.35758342106e-14
2.53 2.33514802236e-14
2.54 2.31342896721e-14
2.55 2.29231760278e-14
2.56 2.27177743396e-14
2.57 2.25161795114e-14
2.58 2.23186391113e-14
2.59 2.21229550648e-14
2.6 2.19282584864e-14
2.61 2.17349795744e-14
2.62 2.15396897797e-14
2.63 2.13445066026e-14
2.64 2.11464804747e-14
2.65 2.09462367357e-14
2.66 2.0743369863e-14
2.67 2.05380641782e-14
2.68 2.03305205672e-14
2.69 2.01206212526e-14
2.7 1.99093616065e-14
2.71 1.9696974865e-14
2.72 1.94850332949e-14
2.73 1.92725268327e-14
2.74 1.90624578487e-14
2.75 1.88542535619e-14
2.76 1.86489705789e-14
2.77 1.84474071811e-14
2.78 1.82515353953e-14
2.79 1.80591268632e-14
2.8 1.78728529614e-14
2.81 1.76923650106e-14
2.82 1.75174345519e-14
2.83 1.73480351641e-14
2.84 1.71841039588e-14
2.85 1.70246387397e-14
2.86 1.68689704011e-14
2.87 1.67176153219e-14
2.88 1.65688184011e-14
2.89 1.64219512699e-14
2.9 1.62767222394e-14
2.91 1.61321379286e-14
2.92 1.59870017456e-14
2.93 1.58420893382e-14
2.94 1.56949394681e-14
2.95 1.55472970827e-14
2.96 1.53975560385e-14
2.97 1.52457133036e-14
2.98 1.50920503227e-14
2.99 1.49374449467e-14
3.0 1.47814108401e-14
3.01 1.46242013589e-14
3.02 1.44670191368e-14
3.03 1.43099421861e-14
3.04 1.41535354618e-14
3.05 1.39990534191e-14
3.06 1.38467224541e-14
3.07 1.36967966327e-14
3.08 1.35501482058e-14
3.09 1.34060532595e-14
3.1 1.32672157043e-14
3.11 1.31312556852e-14
3.12 1.30000781789e-14
3.13 1.28730007029e-14
3.14 1.27495952103e-14
3.15 1.263024027e-14
3.16 1.25134505866e-14
3.17 1.24002535999e-14
3.18 1.22890640909e-14
3.19 1.21792570159e-14
3.2 1.20707017457e-14
3.21 1.19629690099e-14
3.22 1.18549829588e-14
3.23 1.17468280525e-14
3.24 1.16380564084e-14
3.25 1.15290746749e-14
3.26 1.14180576339e-14
3.27 1.13058483685e-14
3.28 1.11928595858e-14
3.29 1.10779900669e-14
3.3 1.09630472867e-14
3.31 1.08465751841e-14
3.32 1.07307355371e-14
3.33 1.06141404663e-14
3.34 1.04984217111e-14
3.35 1.03836660225e-14
3.36 1.02704178833e-14
3.37 1.01592837083e-14
3.38 1.00500307522e-14
3.39 9.94334223466e-15
3.4 9.83945505119e-15
3.41 9.73864459863e-15
3.42 9.6400004087e-15
3.43 9.54555652815e-15
3.44 9.45353614522e-15
3.45 9.36405417453e-15
3.46 9.27686847857e-15
3.47 9.1924493401e-15
3.48 9.10933250659e-15
3.49 9.02748777226e-15
3.5 8.94700058048e-15
3.51 8.8667916745e-15
3.52 8.78677543726e-15
3.53 8.70658294385e-15
3.54 8.62626856983e-15
3.55 8.54526366862e-15
3.56 8.46336321262e-15
3.57 8.38064901483e-15
3.58 8.29749949915e-15
3.59 8.21268114276e-15
3.6 8.12747666251e-15
3.61 8.04184574895e-15
3.62 7.95557693483e-15
3.63 7.86882487183e-15
3.64 7.7834945434e-15
3.65 7.69806791257e-15
3.66 7.61412778785e-15
3.67 7.53142045821e-15
3.68 7.45046302676e-15
3.69 7.37093486427e-15
3.7 7.29360039754e-15
3.71 7.21801861784e-15
3.72 7.14471134427e-15
3.73 7.07423657306e-15
3.74 7.00514689421e-15
3.75 6.93885491701e-15
3.76 6.87411068817e-15
3.77 6.8108090414e-15
3.78 6.74953646829e-15
3.79 6.68948181561e-15
3.8 6.6295561152e-15
3.81 6.57054169529e-15
3.82 6.51146070628e-15
3.83 6.45214598237e-15
3.84 6.39279688721e-15
3.85 6.33308341037e-15
3.86 6.27305267325e-15
3.87 6.21219081785e-15
3.88 6.15032417894e-15
3.89 6.08660921865e-15
3.9 6.02401156809e-15
3.91 5.96059344996e-15
3.92 5.89703949055e-15
3.93 5.83297723042e-15
3.94 5.76934702692e-15
3.95 5.70601021996e-15
3.96 5.64348944073e-15
3.97 5.58143551145e-15
3.98 5.52098881883e-15
3.99 5.46196047192e-15
4.0 5.40415911292e-15
4.01 5.34752595034e-15
4.02 5.29311893968e-15
4.03 5.24045728987e-15
4.04 5.18913022577e-15
4.05 5.13966844896e-15
4.06 5.09254964374e-15
4.07 5.04576099619e-15
4.08 5.0006863383e-15
4.09 4.95503689813e-15
4.1 4.91170545108e-15
4.11 4.86701733924e-15
4.12 4.82451029337e-15
4.13 4.78064598372e-15
4.14 4.73613951262e-15
4.15 4.69218745804e-15
4.16 4.64781734651e-15
4.17 4.60332134267e-15
4.18 4.55772107288e-15
4.19 4.51170879315e-15
4.2 4.46503031241e-15
4.21 4.41711913224e-15
4.22 4.37013096346e-15
4.23 4.32377430337e-15
4.24 4.275558583e-15
4.25 4.22943757236e-15
4.26 4.18224771935e-15
4.27 4.13700471334e-15
4.28 4.091136968e-15
4.29 4.04750598958e-15
4.3 4.00502482602e-15
4.31 3.96297162065e-15
4.32 3.92209758793e-15
4.33 3.88295433697e-15
4.34 3.84494893198e-15
4.35 3.80839953838e-15
4.36 3.77308102949e-15
4.37 3.73824604638e-15
4.38 3.70408244332e-15
4.39 3.67062131507e-15
4.4 3.63777211668e-15
4.41 3.60504379375e-15
4.42 3.57326512615e-15
4.43 3.54165925481e-15
4.44 3.50835259267e-15
4.45 3.47536510369e-15
4.46 3.44402009568e-15
4.47 3.41070863705e-15
4.48 3.37699463296e-15
4.49 3.3429264767e-15
4.5 3.30780033186e-15
4.51 3.27330573555e-15
4.52 3.2380966724e-15
4.53 3.20405562795e-15
4.54 3.17004812657e-15
4.55 3.13319895918e-15
4.56 3.0990750064e-15
4.57 3.06577892898e-15
4.58 3.03209390642e-15
4.59 2.99951379852e-15
4.6 2.96837740632e-15
4.61 2.93773001657e-15
4.62 2.9062549906e-15
4.63 2.87706983397e-15
4.64 2.84921733239e-15
4.65 2.82161457648e-15
4.66 2.79535975567e-15
4.67 2.76953608796e-15
4.68 2.74305610404e-15
4.69 2.71784708989e-15
4.7 2.69376773373e-15
4.71 2.67108442929e-15
4.72 2.64689574349e-15
4.73 2.6222744144e-15
4.74 2.59878726522e-15
4.75 2.57430738539e-15
4.76 2.54949748109e-15
4.77 2.52480971329e-15
4.78 2.50026191915e-15
4.79 2.47512910512e-15
4.8 2.44939115615e-15
4.81 2.42349183726e-15
4.82 2.39771731411e-15
4.83 2.37259751653e-15
4.84 2.34824781235e-15
4.85 2.32247943406e-15
4.86 2.29765064721e-15
4.87 2.27103084585e-15
4.88 2.24644879247e-15
4.89 2.22340345659e-15
4.9 2.19914843687e-15
4.91 2.17768851195e-15
4.92 2.15443464403e-15
4.93 2.13251499634e-15
4.94 2.11310787917e-15
4.95 2.09319716629e-15
4.96 2.07318522184e-15
4.97 2.05350169302e-15
4.98 2.03469038774e-15
4.99 2.01484136439e-15
5.0 1.99606387989e-15
