-5.0 1.99676814551e-15
-4.99 2.01684760845e-15
-4.98 2.03719390024e-15
-4.97 2.05766780275e-15
-4.96 2.07849468914e-15
-4.95 2.09946492874e-15
-4.94 2.12066487054e-15
-4.93 2.14209721415e-15
-4.92 2.16379980868e-15
-4.91 2.18566585609e-15
-4.9 2.20777166892e-15
-4.89 2.23008158482e-15
-4.88 2.2526098592e-15
-4.87 2.27534825775e-15
-4.86 2.29830149738e-15
-4.85 2.3213968684e-15
-4.84 2.34471582635e-15
-4.83 2.3682544501e-15
-4.82 2.39199870275e-15
-4.81 2.41597889123e-15
-4.8 2.44009369281e-15
-4.79 2.46446901049e-15
-4.78 2.48910389794e-15
-4.77 2.51396345827e-15
-4.76 2.53900814515e-15
-4.75 2.56439562019e-15
-4.74 2.59001098269e-15
-4.73 2.61589064748e-15
-4.72 2.64204639144e-15
-4.71 2.6684763486e-15
-4.7 2.69527515038e-15
-4.69 2.72234394809e-15
-4.68 2.74970649443e-15
-4.67 2.77733437559e-15
-4.66 2.80534827422e-15
-4.65 2.83365979683e-15
-4.64 2.86232406067e-15
-4.63 2.89116833314e-15
-4.62 2.92044675255e-15
-4.61 2.94994883424e-15
-4.6 2.97978893698e-15
-4.59 3.00999151796e-15
-4.58 3.0404024595e-15
-4.57 3.0710856045e-15
-4.56 3.10208502237e-15
-4.55 3.13335497161e-15
-4.54 3.16490213664e-15
-4.53 3.19674546289e-15
-4.52 3.22876717105e-15
-4.51 3.26116347465e-15
-4.5 3.29380051245e-15
-4.49 3.32673360745e-15
-4.48 3.35996635625e-15
-4.47 3.39349661121e-15
-4.46 3.4274223962e-15
-4.45 3.46157554369e-15
-4.44 3.4960983743e-15
-4.43 3.5309753008e-15
-4.42 3.56625421039e-15
-4.41 3.60186483271e-15
-4.4 3.63791410334e-15
-4.39 3.67429300165e-15
-4.38 3.71119937805e-15
-4.37 3.74848407595e-15
-4.36 3.78621656379e-15
-4.35 3.82441135844e-15
-4.34 3.86299195313e-15
-4.33 3.90196729054e-15
-4.32 3.94143967112e-15
-4.31 3.98134125443e-15
-4.3 4.02165414378e-15
-4.29 4.06237099084e-15
-4.28 4.10345789648e-15
-4.27 4.14493885308e-15
-4.26 4.18692574569e-15
-4.25 4.22921262099e-15
-4.24 4.27179227773e-15
-4.23 4.31483811464e-15
-4.22 4.35825669291e-15
-4.21 4.40194135215e-15
-4.2 4.44609087508e-15
-4.19 4.49056171352e-15
-4.18 4.53543547999e-15
-4.17 4.58073221415e-15
-4.16 4.62643962978e-15
-4.15 4.67256451631e-15
-4.14 4.71908840238e-15
-4.13 4.76618209068e-15
-4.12 4.81370030565e-15
-4.11 4.86170586198e-15
-4.1 4.9102542659e-15
-4.09 4.95939465532e-15
-4.08 5.00900432707e-15
-4.07 5.05916153929e-15
-4.06 5.11003455877e-15
-4.05 5.16140625981e-15
-4.04 5.2134384407e-15
-4.03 5.26594155781e-15
-4.02 5.31916872889e-15
-4.01 5.37295073401e-15
-4.0 5.42737168357e-15
-3.99 5.48227985054e-15
-3.98 5.53768904296e-15
-3.97 5.59387045003e-15
-3.96 5.65037758274e-15
-3.95 5.70746695215e-15
-3.94 5.76514013896e-15
-3.93 5.82323405332e-15
-3.92 5.8818450236e-15
-3.91 5.94103903572e-15
-3.9 6.00064881239e-15
-3.89 6.06079827609e-15
-3.88 6.12138025564e-15
-3.87 6.18261116605e-15
-3.86 6.24434507775e-15
-3.85 6.3065756233e-15
-3.84 6.3694342751e-15
-3.83 6.43291765761e-15
-3.82 6.49694969019e-15
-3.81 6.56181609954e-15
-3.8 6.62717077213e-15
-3.79 6.693266603e-15
-3.78 6.76029198844e-15
-3.77 6.82786271478e-15
-3.76 6.89621958902e-15
-3.75 6.96549810184e-15
-3.74 7.03548846662e-15
-3.73 7.10635542769e-15
-3.72 7.17801611875e-15
-3.71 7.2503330295e-15
-3.7 7.32357008852e-15
-3.69 7.39758171353e-15
-3.68 7.47239971822e-15
-3.67 7.54790661727e-15
-3.66 7.62418767754e-15
-3.65 7.70132855614e-15
-3.64 7.77898664258e-15
-3.63 7.85741394818e-15
-3.62 7.93649026371e-15
-3.61 8.01646397134e-15
-3.6 8.09700019149e-15
-3.59 8.17816769952e-15
-3.58 8.26016638177e-15
-3.57 8.34282501607e-15
-3.56 8.42610850605e-15
-3.55 8.51005882309e-15
-3.54 8.59505104559e-15
-3.53 8.6808340014e-15
-3.52 8.76730758698e-15
-3.51 8.85480944284e-15
-3.5 8.94290310697e-15
-3.49 9.03218558734e-15
-3.48 9.12226050122e-15
-3.47 9.21328478822e-15
-3.46 9.30556891219e-15
-3.45 9.3986467424e-15
-3.44 9.49294326941e-15
-3.43 9.58812272663e-15
-3.42 9.6845728908e-15
-3.41 9.78195690355e-15
-3.4 9.88042369183e-15
-3.39 9.9799616628e-15
-3.38 1.00806238186e-14
-3.37 1.01821538662e-14
-3.36 1.02850420801e-14
-3.35 1.0388750872e-14
-3.34 1.04936001195e-14
-3.33 1.05993906887e-14
-3.32 1.07062417402e-14
-3.31 1.08138114734e-14
-3.3 1.09224828586e-14
-3.29 1.10319394096e-14
-3.28 1.11426884311e-14
-3.27 1.12542197837e-14
-3.26 1.13667860596e-14
-3.25 1.14802909176e-14
-3.24 1.15947615381e-14
-3.23 1.17103360822e-14
-3.22 1.1826940195e-14
-3.21 1.19447689061e-14
-3.2 1.20638292564e-14
-3.19 1.2183742591e-14
-3.18 1.23050429036e-14
-3.17 1.24276713957e-14
-3.16 1.2551619579e-14
-3.15 1.26766581889e-14
-3.14 1.28034445258e-14
-3.13 1.29315743807e-14
-3.12 1.30610949287e-14
-3.11 1.31920782981e-14
-3.1 1.3324486561e-14
-3.09 1.34583061885e-14
-3.08 1.35935455769e-14
-3.07 1.37303419696e-14
-3.06 1.38688459572e-14
-3.05 1.40086656214e-14
-3.04 1.41495126575e-14
-3.03 1.42918919661e-14
-3.02 1.44356231603e-14
-3.01 1.45806322859e-14
-3.0 1.47273664302e-14
-2.99 1.48750836517e-14
-2.98 1.50239767863e-14
-2.97 1.51740544783e-14
-2.96 1.53257225203e-14
-2.95 1.54784648651e-14
-2.94 1.56326217339e-14
-2.93 1.57881927413e-14
-2.92 1.59452600215e-14
-2.91 1.61035148203e-14
-2.9 1.62630929544e-14
-2.89 1.64245171912e-14
-2.88 1.65873816207e-14
-2.87 1.67523078702e-14
-2.86 1.69182030288e-14
-2.85 1.70862481056e-14
-2.84 1.72560730462e-14
-2.83 1.74279214089e-14
-2.82 1.76015479935e-14
-2.81 1.77773031422e-14
-2.8 1.79548822579e-14
-2.79 1.81348416863e-14
-2.78 1.8316133326e-14
-2.77 1.84996150513e-14
-2.76 1.86851485697e-14
-2.75 1.88730458706e-14
-2.74 1.90623445404e-14
-2.73 1.92539603996e-14
-2.72 1.94472612575e-14
-2.71 1.96424560169e-14
-2.7 1.98393298208e-14
-2.69 2.00379097567e-14
-2.68 2.0238084899e-14
-2.67 2.04401301867e-14
-2.66 2.06435876012e-14
-2.65 2.08490381784e-14
-2.64 2.10558650584e-14
-2.63 2.12646419936e-14
-2.62 2.14748649997e-14
-2.61 2.1686977524e-14
-2.6 2.19013491549e-14
-2.59 2.21168765176e-14
-2.58 2.23346826438e-14
-2.57 2.25550391876e-14
-2.56 2.27769416668e-14
-2.55 2.30013669833e-14
-2.54 2.32285671527e-14
-2.53 2.3458017239e-14
-2.52 2.36896144853e-14
-2.51 2.39238884987e-14
-2.5 2.41610549084e-14
-2.49 2.44007250692e-14
-2.48 2.46430966209e-14
-2.47 2.48887839454e-14
-2.46 2.51368100696e-14
-2.45 2.53877683803e-14
-2.44 2.56412202107e-14
-2.43 2.58970978023e-14
-2.42 2.61557200401e-14
-2.41 2.64166211746e-14
-2.4 2.66797466059e-14
-2.39 2.69459237116e-14
-2.38 2.72140369565e-14
-2.37 2.74837973816e-14
-2.36 2.77564708072e-14
-2.35 2.80310647188e-14
-2.34 2.8306822753e-14
-2.33 2.85864046927e-14
-2.32 2.8866829369e-14
-2.31 2.91495360853e-14
-2.3 2.94348062544e-14
-2.29 2.97225885711e-14
-2.28 3.00121362458e-14
-2.27 3.03048693289e-14
-2.26 3.0600345383e-14
-2.25 3.08977819997e-14
-2.24 3.11988710207e-14
-2.23 3.15033901924e-14
-2.22 3.18102608502e-14
-2.21 3.21201841817e-14
-2.2 3.2434197279e-14
-2.19 3.27523636777e-14
-2.18 3.30728569663e-14
-2.17 3.33975578873e-14
-2.16 3.3726255836e-14
-2.15 3.40584863111e-14
-2.14 3.43932745716e-14
-2.13 3.47325266373e-14
-2.12 3.50748573022e-14
-2.11 3.54200965749e-14
-2.1 3.57694151569e-14
-2.09 3.61215805002e-14
-2.08 3.64765144158e-14
-2.07 3.68339552446e-14
-2.06 3.71949617746e-14
-2.05 3.75588288512e-14
-2.04 3.79243009027e-14
-2.03 3.82931768794e-14
-2.02 3.86640005632e-14
-2.01 3.90379411945e-14
-2.0 3.94147665351e-14
-1.99 3.97941051448e-14
-1.98 4.01752811645e-14
-1.97 4.05607368092e-14
-1.96 4.09490505432e-14
-1.95 4.13403510259e-14
-1.94 4.17355744511e-14
-1.93 4.21350624431e-14
-1.92 4.25371890021e-14
-1.91 4.29431459001e-14
-1.9 4.33535299455e-14
-1.89 4.37692194736e-14
-1.88 4.41874078475e-14
-1.87 4.46113008955e-14
-1.86 4.50388766593e-14
-1.85 4.54719389513e-14
-1.84 4.59076364504e-14
-1.83 4.63489323557e-14
-1.82 4.67938257459e-14
-1.81 4.72444241904e-14
-1.8 4.76971370476e-14
-1.79 4.81540100241e-14
-1.78 4.86155513718e-14
-1.77 4.90808453522e-14
-1.76 4.95484495369e-14
-1.75 5.00197082271e-14
-1.74 5.04947225217e-14
-1.73 5.09734859743e-14
-1.72 5.14551484809e-14
-1.71 5.19391539491e-14
-1.7 5.24264874608e-14
-1.69 5.2916947426e-14
-1.68 5.3412008669e-14
-1.67 5.39088933295e-14
-1.66 5.44104577526e-14
-1.65 5.49147718234e-14
-1.64 5.54240296781e-14
-1.63 5.59356834435e-14
-1.62 5.64531342426e-14
-1.61 5.69736814955e-14
-1.6 5.74990847087e-14
-1.59 5.80289649505e-14
-1.58 5.85636920866e-14
-1.57 5.91005222136e-14
-1.56 5.96455641644e-14
-1.55 6.01930753095e-14
-1.54 6.07466703537e-14
-1.53 6.1303605077e-14
-1.52 6.18657605169e-14
-1.51 6.24317895389e-14
-1.5 6.30026801774e-14
-1.49 6.35776678282e-14
-1.48 6.41567509398e-14
-1.47 6.47398956687e-14
-1.46 6.53262281912e-14
-1.45 6.5918325011e-14
-1.44 6.65122529533e-14
-1.43 6.71093224984e-14
-1.42 6.77115998965e-14
-1.41 6.83165337691e-14
-1.4 6.89253300511e-14
-1.39 6.95365839518e-14
-1.38 7.01534040123e-14
-1.37 7.0771691111e-14
-1.36 7.13954502273e-14
-1.35 7.20223395883e-14
-1.34 7.26509562774e-14
-1.33 7.32845126201e-14
-1.32 7.39227887936e-14
-1.31 7.45636865293e-14
-1.3 7.52104490951e-14
-1.29 7.58581499783e-14
-1.28 7.65105734512e-14
-1.27 7.71679384218e-14
-1.26 7.78276190124e-14
-1.25 7.84906767047e-14
-1.24 7.91575822167e-14
-1.23 7.9827045761e-14
-1.22 8.05025157481e-14
-1.21 8.11796231885e-14
-1.2 8.18601645557e-14
-1.19 8.25429569691e-14
-1.18 8.32301996875e-14
-1.17 8.39183438582e-14
-1.16 8.46115309139e-14
-1.15 8.53065907104e-14
-1.14 8.6004303129e-14
-1.13 8.67060626073e-14
-1.12 8.7408896655e-14
-1.11 8.81165637177e-14
-1.1 8.88272468902e-14
-1.09 8.9540036187e-14
-1.08 9.02560396955e-14
-1.07 9.09732805951e-14
-1.06 9.16953519179e-14
-1.05 9.24201175189e-14
-1.04 9.31459906329e-14
-1.03 9.38743281477e-14
-1.02 9.4603751651e-14
-1.01 9.53372868547e-14
-1.0 9.60709357464e-14
-0.99 9.68082573181e-14
-0.98 9.75455931532e-14
-0.97 9.82827877325e-14
-0.96 9.90207962492e-14
-0.95 9.97594652209e-14
-0.94 1.0049948471e-13
-0.93 1.01237917536e-13
-0.92 1.01975341187e-13
-0.91 1.02713442097e-13
-0.9 1.03451524237e-13
-0.89 1.04184645716e-13
-0.88 1.04919089986e-13
-0.87 1.05655348036e-13
-0.86 1.06389927814e-13
-0.85 1.07123395694e-13
-0.84 1.0785622823e-13
-0.83 1.08587307088e-13
-0.82 1.0931882138e-13
-0.81 1.10052274191e-13
-0.8 1.10785656771e-13
-0.79 1.11517742236e-13
-0.78 1.12250387422e-13
-0.77 1.12985830111e-13
-0.76 1.13717299661e-13
-0.75 1.14453018023e-13
-0.74 1.15185314701e-13
-0.73 1.15916989266e-13
-0.72 1.16649463066e-13
-0.71 1.17377525355e-13
-0.7 1.18104564717e-13
-0.69 1.18828543532e-13
-0.68 1.19548842253e-13
-0.67 1.20261266626e-13
-0.66 1.20976600616e-13
-0.65 1.21680136763e-13
-0.64 1.22376652466e-13
-0.63 1.23070634853e-13
-0.62 1.23754669954e-13
-0.61 1.24430872551e-13
-0.6 1.2510057769e-13
-0.59 1.25759942975e-13
-0.58 1.26413122442e-13
-0.57 1.27057866733e-13
-0.56 1.27693055161e-13
-0.55 1.28321304843e-13
-0.54 1.28944111969e-13
-0.53 1.29559196471e-13
-0.52 1.30172541953e-13
-0.51 1.30775863479e-13
-0.5 1.31372224169e-13
-0.49 1.31967664142e-13
-0.48 1.32556872382e-13
-0.47 1.33143225557e-13
-0.46 1.33722794392e-13
-0.45 1.34299003122e-13
-0.44 1.34868071945e-13
-0.43 1.35437648628e-13
-0.42 1.35995145563e-13
-0.41 1.36551301409e-13
-0.4 1.3709844926e-13
-0.39 1.37633757003e-13
-0.38 1.38162671221e-13
-0.37 1.38677794689e-13
-0.36 1.3918486062e-13
-0.35 1.39674884872e-13
-0.34 1.40154346924e-13
-0.33 1.40617099181e-13
-0.32 1.41067853119e-13
-0.31 1.41499806132e-13
-0.3 1.41915090994e-13
-0.29 1.42317110068e-13
-0.28 1.42697558523e-13
-0.27 1.43062114418e-13
-0.26 1.43410874908e-13
-0.25 1.4374848253e-13
-0.24 1.44068894204e-13
-0.23 1.44376839204e-13
-0.22 1.44668462671e-13
-0.21 1.44953267977e-13
-0.2 1.45225172716e-13
-0.19 1.45484001284e-13
-0.18 1.4573709455e-13
-0.17 1.45979856107e-13
-0.16 1.46214635807e-13
-0.15 1.46441337909e-13
-0.14 1.466547232e-13
-0.13 1.46863840516e-13
-0.12 1.47065248517e-13
-0.11 1.47253840837e-13
-0.1 1.47433447527e-13
-0.0900000000001 1.47599248966e-13
-0.0800000000001 1.47751617337e-13
-0.0700000000001 1.47889981503e-13
-0.0600000000001 1.48013753056e-13
-0.0500000000001 1.48119368125e-13
-0.0400000000001 1.48212320655e-13
-0.0300000000001 1.48278728609e-13
-0.0200000000001 1.48329304614e-13
-0.0100000000001 1.4835841994e-13
0.0 1.48370203574e-13
0.00999999999994 1.48360382251e-13
0.0199999999999 1.48329115044e-13
0.0299999999999 1.48277258814e-13
0.0399999999999 1.48206508258e-13
0.0499999999999 1.48117491495e-13
0.0599999999999 1.48009480558e-13
0.0699999999999 1.47887935566e-13
0.0799999999999 1.47745860665e-13
0.0899999999999 1.47593238823e-13
0.0999999999999 1.4742711355e-13
0.11 1.47250812996e-13
0.12 1.47062506232e-13
0.13 1.46859740807e-13
0.14 1.46653643148e-13
0.15 1.46436789767e-13
0.16 1.46212717965e-13
0.17 1.4597859426e-13
0.18 1.45735394774e-13
0.19 1.45485241857e-13
0.2 1.45224607644e-13
0.21 1.44954655523e-13
0.22 1.4467384659e-13
0.23 1.44379820995e-13
0.24 1.44073287953e-13
0.25 1.43754265504e-13
0.26 1.43419492404e-13
0.27 1.4306835965e-13
0.28 1.42701729215e-13
0.29 1.42320021221e-13
0.3 1.41920946628e-13
0.31 1.41502186211e-13
0.32 1.41072717913e-13
0.33 1.40622860114e-13
0.34 1.40158431201e-13
0.35 1.3967729521e-13
0.36 1.39183214681e-13
0.37 1.38676464728e-13
0.38 1.3815880243e-13
0.39 1.37629592177e-13
0.4 1.37089229381e-13
0.41 1.36544989144e-13
0.42 1.35988858373e-13
0.43 1.35428302002e-13
0.44 1.34862950498e-13
0.45 1.34291456609e-13
0.46 1.3371575715e-13
0.47 1.33133546929e-13
0.48 1.32550420595e-13
0.49 1.31962160664e-13
0.5 1.31368228853e-13
0.51 1.30774180165e-13
0.52 1.30170988011e-13
0.53 1.29560342506e-13
0.54 1.28948196573e-13
0.55 1.28327790127e-13
0.56 1.27700304773e-13
0.57 1.27063343738e-13
0.58 1.26420952407e-13
0.59 1.25769892952e-13
0.6 1.25110689715e-13
0.61 1.24440546001e-13
0.62 1.23763669001e-13
0.63 1.23078696414e-13
0.64 1.22385334551e-13
0.65 1.21686012052e-13
0.66 1.20978408337e-13
0.67 1.20267620418e-13
0.68 1.19546929639e-13
0.69 1.1882640717e-13
0.7 1.18099119866e-13
0.71 1.17371140854e-13
0.72 1.16640010952e-13
0.73 1.15908365925e-13
0.74 1.15173947563e-13
0.75 1.14439514529e-13
0.76 1.13706197191e-13
0.77 1.12971668562e-13
0.78 1.12239589651e-13
0.79 1.11506445793e-13
0.8 1.10776029775e-13
0.81 1.10045625073e-13
0.82 1.0931502551e-13
0.83 1.08584688276e-13
0.84 1.07854403219e-13
0.85 1.07123009871e-13
0.86 1.06392794087e-13
0.87 1.05663029515e-13
0.88 1.04930081494e-13
0.89 1.04196887832e-13
0.9 1.03461780356e-13
0.91 1.0272576449e-13
0.92 1.01990109856e-13
0.93 1.01254050553e-13
0.94 1.00512924001e-13
0.95 9.977281092e-14
0.96 9.90340204926e-14
0.97 9.82932186667e-14
0.98 9.75524670728e-14
0.99 9.68134404593e-14
1.0 9.60753887588e-14
1.01 9.53376026786e-14
1.02 9.46005705287e-14
1.03 9.38661105338e-14
1.04 9.31358777988e-14
1.05 9.24069912223e-14
1.06 9.16799159196e-14
1.07 9.09565094421e-14
1.08 9.02375310871e-14
1.09 8.95208490229e-14
1.1 8.88080979893e-14
1.11 8.81015362633e-14
1.12 8.7395828216e-14
1.13 8.66941914268e-14
1.14 8.5994805919e-14
1.15 8.530138736e-14
1.16 8.4608896571e-14
1.17 8.39206792613e-14
1.18 8.3234483673e-14
1.19 8.25509866408e-14
1.2 8.18714400405e-14
1.21 8.11940147724e-14
1.22 8.05207019545e-14
1.23 7.98486024196e-14
1.24 7.91796968076e-14
1.25 7.85113636453e-14
1.26 7.78476021526e-14
1.27 7.71866257555e-14
1.28 7.65271270816e-14
1.29 7.58732255974e-14
1.3 7.5219666716e-14
1.31 7.45708544498e-14
1.32 7.39252319546e-14
1.33 7.32837309505e-14
1.34 7.26461421609e-14
1.35 7.20097286784e-14
1.36 7.13801515117e-14
1.37 7.0754512491e-14
1.38 7.01324181035e-14
1.39 6.95142643586e-14
1.4 6.89024687049e-14
1.41 6.82926872629e-14
1.42 6.76884232679e-14
1.43 6.70884005154e-14
1.44 6.64935468202e-14
1.45 6.59022176713e-14
1.46 6.53155529193e-14
1.47 6.47337178206e-14
1.48 6.41548674803e-14
1.49 6.35806111463e-14
1.5 6.3010992948e-14
1.51 6.24453122942e-14
1.52 6.18821867321e-14
1.53 6.13232569389e-14
1.54 6.07686368527e-14
1.55 6.02176935151e-14
1.56 5.96710105805e-14
1.57 5.91254652515e-14
1.58 5.85865940747e-14
1.59 5.80491975294e-14
1.6 5.75167977198e-14
1.61 5.69869458251e-14
1.62 5.64622189866e-14
1.63 5.59403622907e-14
1.64 5.5423147665e-14
1.65 5.49092496789e-14
1.66 5.44002174828e-14
1.67 5.38950959014e-14
1.68 5.33934505217e-14
1.69 5.28968433108e-14
1.7 5.24031185844e-14
1.71 5.19146600827e-14
1.72 5.14307230609e-14
1.73 5.09489480484e-14
1.74 5.04735518501e-14
1.75 5.00007457688e-14
1.76 4.95330676634e-14
1.77 4.90677376033e-14
1.78 4.86080399076e-14
1.79 4.81517268867e-14
1.8 4.76995563442e-14
1.81 4.72498189584e-14
1.82 4.68046404561e-14
1.83 4.63632175824e-14
1.84 4.59257649987e-14
1.85 4.54909680842e-14
1.86 4.50598038925e-14
1.87 4.46328617685e-14
1.88 4.42093806184e-14
1.89 4.37896115041e-14
1.9 4.33726334853e-14
1.91 4.29590395692e-14
1.92 4.25502835867e-14
1.93 4.21438742945e-14
1.94 4.17409827434e-14
1.95 4.13422256787e-14
1.96 4.09458806233e-14
1.97 4.05539552638e-14
1.98 4.01656206164e-14
1.99 3.97799747628e-14
2.0 3.93989058154e-14
2.01 3.90204056863e-14
2.02 3.86448083832e-14
2.03 3.82744524052e-14
2.04 3.7905759867e-14
2.05 3.75409938697e-14
2.06 3.71791139307e-14
2.07 3.68207187281e-14
2.08 3.64657978208e-14
2.09 3.611395436e-14
2.1 3.57657224774e-14
2.11 3.54192573999e-14
2.12 3.50775353578e-14
2.13 3.47388109126e-14
2.14 3.44019579917e-14
2.15 3.40690481517e-14
2.16 3.37387725463e-14
2.17 3.34122489326e-14
2.18 3.30878055892e-14
2.19 3.2767949644e-14
2.2 3.24491208064e-14
2.21 3.21347928312e-14
2.22 3.18232314537e-14
2.23 3.15130648092e-14
2.24 3.1207335013e-14
2.25 3.09041589375e-14
2.26 3.06030834215e-14
2.27 3.03055888499e-14
2.28 3.0010343892e-14
2.29 2.97181145341e-14
2.3 2.9428361117e-14
2.31 2.91417971431e-14
2.32 2.88573690452e-14
2.33 2.8575678449e-14
2.34 2.82959475917e-14
2.35 2.80186279351e-14
2.36 2.77444654324e-14
2.37 2.74735828009e-14
2.38 2.72046905708e-14
2.39 2.69375004381e-14
2.4 2.66733179034e-14
2.41 2.64119050521e-14
2.42 2.61530288369e-14
2.43 2.58961069644e-14
2.44 2.56418057592e-14
2.45 2.53901891214e-14
2.46 2.51412951809e-14
2.47 2.48944126972e-14
2.48 2.46507323193e-14
2.49 2.44089136942e-14
2.5 2.41693093627e-14
2.51 2.39321292388e-14
2.52 2.36982936766e-14
2.53 2.34653153541e-14
2.54 2.32354484397e-14
2.55 2.30080108641e-14
2.56 2.27819403975e-14
2.57 2.25585291657e-14
2.58 2.23376206669e-14
2.59 2.21180584899e-14
2.6 2.19009054152e-14
2.61 2.16851711074e-14
2.62 2.14724107293e-14
2.63 2.12601127541e-14
2.64 2.10505320182e-14
2.65 2.08430945626e-14
2.66 2.06371491509e-14
2.67 2.04340779785e-14
2.68 2.02315821983e-14
2.69 2.0031390317e-14
2.7 1.98334926164e-14
2.71 1.96372437445e-14
2.72 1.94426668345e-14
2.73 1.9250381717e-14
2.74 1.90598744019e-14
2.75 1.88712523511e-14
2.76 1.86844552438e-14
2.77 1.85007162708e-14
2.78 1.83177702607e-14
2.79 1.81371435632e-14
2.8 1.7958186976e-14
2.81 1.77810074595e-14
2.82 1.76055626708e-14
2.83 1.74326090881e-14
2.84 1.72604952952e-14
2.85 1.70905740171e-14
2.86 1.69223986297e-14
2.87 1.67554619266e-14
2.88 1.65907907698e-14
2.89 1.64273619954e-14
2.9 1.62650190231e-14
2.91 1.61045681213e-14
2.92 1.5945648654e-14
2.93 1.57881251578e-14
2.94 1.56321422843e-14
2.95 1.54771459209e-14
2.96 1.53236408205e-14
2.97 1.51715967367e-14
2.98 1.50208347585e-14
2.99 1.48727665989e-14
3.0 1.47235053674e-14
3.01 1.45783533056e-14
3.02 1.44334123602e-14
3.03 1.42894627684e-14
3.04 1.41473070542e-14
3.05 1.40062613144e-14
3.06 1.38670651875e-14
3.07 1.37289644705e-14
3.08 1.3592535229e-14
3.09 1.34586338427e-14
3.1 1.33237607645e-14
3.11 1.3193522689e-14
3.12 1.30626878265e-14
3.13 1.2933533667e-14
3.14 1.28057842383e-14
3.15 1.26780207196e-14
3.16 1.25538754162e-14
3.17 1.24297868281e-14
3.18 1.23075312688e-14
3.19 1.21861005496e-14
3.2 1.20662644658e-14
3.21 1.19473563819e-14
3.22 1.18296909262e-14
3.23 1.17129687842e-14
3.24 1.15970416683e-14
3.25 1.14805172968e-14
3.26 1.13680520369e-14
3.27 1.12538489256e-14
3.28 1.11425261073e-14
3.29 1.10318506874e-14
3.3 1.09222250275e-14
3.31 1.081211939e-14
3.32 1.07056227113e-14
3.33 1.05971883397e-14
3.34 1.04910563058e-14
3.35 1.03863610304e-14
3.36 1.02822418413e-14
3.37 1.01798589627e-14
3.38 1.00781943133e-14
3.39 9.97787861164e-15
3.4 9.87883928517e-15
3.41 9.78024645481e-15
3.42 9.68405454877e-15
3.43 9.58655871121e-15
3.44 9.49155977181e-15
3.45 9.39772776736e-15
3.46 9.30457239292e-15
3.47 9.21466893684e-15
3.48 9.12273042313e-15
3.49 9.03370810576e-15
3.5 8.94455102163e-15
3.51 8.85623949955e-15
3.52 8.76888371835e-15
3.53 8.6820516085e-15
3.54 8.59594205269e-15
3.55 8.51044045296e-15
3.56 8.42631287194e-15
3.57 8.34481067032e-15
3.58 8.26018989102e-15
3.59 8.17946689163e-15
3.6 8.09765133581e-15
3.61 8.01659260031e-15
3.62 7.93546908196e-15
3.63 7.85734861624e-15
3.64 7.77698040852e-15
3.65 7.70093439504e-15
3.66 7.62406170822e-15
3.67 7.54753022665e-15
3.68 7.47188654374e-15
3.69 7.39685367862e-15
3.7 7.32261380529e-15
3.71 7.2490146849e-15
3.72 7.17673260566e-15
3.73 7.10557898809e-15
3.74 7.03408407124e-15
3.75 6.96639310117e-15
3.76 6.89740499424e-15
3.77 6.82946385892e-15
3.78 6.76195738099e-15
3.79 6.69303608457e-15
3.8 6.62884981657e-15
3.81 6.56212356021e-15
3.82 6.49795453393e-15
3.83 6.43442002429e-15
3.84 6.371327316e-15
3.85 6.30872186609e-15
3.86 6.24685015916e-15
3.87 6.18582845751e-15
3.88 6.12424787991e-15
3.89 6.06007352716e-15
3.9 6.002484514e-15
3.91 5.9401716342e-15
3.92 5.88158205523e-15
3.93 5.82290544806e-15
3.94 5.76573897699e-15
3.95 5.70598084906e-15
3.96 5.65069256289e-15
3.97 5.59139399339e-15
3.98 5.53506418958e-15
3.99 5.47936487055e-15
4.0 5.42453330972e-15
4.01 5.37040900993e-15
4.02 5.31712712093e-15
4.03 5.26484607586e-15
4.04 5.21280953235e-15
4.05 5.16187632281e-15
4.06 5.11145403192e-15
4.07 5.05794168261e-15
4.08 5.0071866138e-15
4.09 4.96184578911e-15
4.1 4.90936657181e-15
4.11 4.86414845054e-15
4.12 4.81364666336e-15
4.13 4.76653076107e-15
4.14 4.72043142924e-15
4.15 4.67332516013e-15
4.16 4.62681085063e-15
4.17 4.58069038895e-15
4.18 4.53455524798e-15
4.19 4.48897292753e-15
4.2 4.44432609264e-15
4.21 4.4006029832e-15
4.22 4.35614662104e-15
4.23 4.31593972807e-15
4.24 4.2719119359e-15
4.25 4.22809191106e-15
4.26 4.18553066186e-15
4.27 4.14503344419e-15
4.28 4.10139029151e-15
4.29 4.06039396018e-15
4.3 4.0230041208e-15
4.31 3.98267244642e-15
4.32 3.94312956758e-15
4.33 3.90347258652e-15
4.34 3.86410274256e-15
4.35 3.82487205957e-15
4.36 3.78648010831e-15
4.37 3.74837570746e-15
4.38 3.71011193188e-15
4.39 3.67672236793e-15
4.4 3.64055225298e-15
4.41 3.59964684375e-15
4.42 3.56846440717e-15
4.43 3.52956660957e-15
4.44 3.49838451663e-15
4.45 3.46343627784e-15
4.46 3.42723567007e-15
4.47 3.39378762401e-15
4.48 3.36070532977e-15
4.49 3.32799654632e-15
4.5 3.29564217405e-15
4.51 3.2631730168e-15
4.52 3.23066841913e-15
4.53 3.19835646502e-15
4.54 3.16627797085e-15
4.55 3.13011195724e-15
4.56 3.10059484065e-15
4.57 3.07069708176e-15
4.58 3.03948400745e-15
4.59 3.00808792357e-15
4.6 2.98005178586e-15
4.61 2.95067584837e-15
4.62 2.91753965292e-15
4.63 2.88859342876e-15
4.64 2.85948874041e-15
4.65 2.83129525899e-15
4.66 2.80343088673e-15
4.67 2.77601909147e-15
4.68 2.74891092967e-15
4.69 2.72236850441e-15
4.7 2.69752300752e-15
4.71 2.66754467306e-15
4.72 2.64079555932e-15
4.73 2.61939347953e-15
4.74 2.58887509389e-15
4.75 2.56707833418e-15
4.76 2.53833409648e-15
4.77 2.51293982343e-15
4.78 2.48989610518e-15
4.79 2.46476977656e-15
4.8 2.43931410322e-15
4.81 2.41403987897e-15
4.82 2.38999797244e-15
4.83 2.3667853948e-15
4.84 2.34309129637e-15
4.85 2.31900433663e-15
4.86 2.29688172469e-15
4.87 2.27456641378e-15
4.88 2.25093221385e-15
4.89 2.23111760353e-15
4.9 2.20642333628e-15
4.91 2.18686605553e-15
4.92 2.16154832991e-15
4.93 2.13980708724e-15
4.94 2.12255569085e-15
4.95 2.10092486883e-15
4.96 2.07949927557e-15
4.97 2.0589179474e-15
4.98 2.03793211541e-15
4.99 2.01684680055e-15
5.0 1.99626509707e-15
