-5.0 1.99711328835e-15
-4.99 2.0170340741e-15
-4.98 2.03713238181e-15
-4.97 2.05745308734e-15
-4.96 2.07802348176e-15
-4.95 2.09883172427e-15
-4.94 2.11983630979e-15
-4.93 2.14117122909e-15
-4.92 2.16268980154e-15
-4.91 2.18448891802e-15
-4.9 2.20649968897e-15
-4.89 2.22879949267e-15
-4.88 2.25132629671e-15
-4.87 2.27410752277e-15
-4.86 2.29709655054e-15
-4.85 2.32039064849e-15
-4.84 2.34381204956e-15
-4.83 2.36755199253e-15
-4.82 2.39149798019e-15
-4.81 2.41569553147e-15
-4.8 2.44007069298e-15
-4.79 2.46473341115e-15
-4.78 2.48962191327e-15
-4.77 2.51469240966e-15
-4.76 2.54004702304e-15
-4.75 2.56555025463e-15
-4.74 2.59140922301e-15
-4.73 2.61741292946e-15
-4.72 2.64362806919e-15
-4.71 2.67015494702e-15
-4.7 2.69689716866e-15
-4.69 2.72393340701e-15
-4.68 2.75114639987e-15
-4.67 2.77859342967e-15
-4.66 2.80638536583e-15
-4.65 2.83439420601e-15
-4.64 2.86266948654e-15
-4.63 2.89127716859e-15
-4.62 2.92017833261e-15
-4.61 2.94937585405e-15
-4.6 2.97885821212e-15
-4.59 3.00865410694e-15
-4.58 3.03878437924e-15
-4.57 3.06927803571e-15
-4.56 3.10001616092e-15
-4.55 3.13116379627e-15
-4.54 3.16264819685e-15
-4.53 3.19449662264e-15
-4.52 3.22668152906e-15
-4.51 3.25920053064e-15
-4.5 3.29208237157e-15
-4.49 3.32537486905e-15
-4.48 3.3590227948e-15
-4.47 3.39299303153e-15
-4.46 3.42730430643e-15
-4.45 3.46197678236e-15
-4.44 3.49704078935e-15
-4.43 3.53238718857e-15
-4.42 3.56814131057e-15
-4.41 3.60416469099e-15
-4.4 3.64044689709e-15
-4.39 3.67715717405e-15
-4.38 3.71417514287e-15
-4.37 3.75149363893e-15
-4.36 3.7890645467e-15
-4.35 3.82706267035e-15
-4.34 3.8653771789e-15
-4.33 3.90402928011e-15
-4.32 3.94301477066e-15
-4.31 3.98232632088e-15
-4.3 4.02203429281e-15
-4.29 4.06213032258e-15
-4.28 4.10255943491e-15
-4.27 4.14348221679e-15
-4.26 4.18480772528e-15
-4.25 4.22662321624e-15
-4.24 4.26884385e-15
-4.23 4.31147370229e-15
-4.22 4.35463293763e-15
-4.21 4.39828161799e-15
-4.2 4.44249900023e-15
-4.19 4.48727449569e-15
-4.18 4.53251937564e-15
-4.17 4.57824225915e-15
-4.16 4.62450169024e-15
-4.15 4.6712752689e-15
-4.14 4.71857607062e-15
-4.13 4.76645178668e-15
-4.12 4.81469889984e-15
-4.11 4.86345486186e-15
-4.1 4.91275259315e-15
-4.09 4.96244140383e-15
-4.08 5.01249510193e-15
-4.07 5.06314502455e-15
-4.06 5.11413551566e-15
-4.05 5.16560425642e-15
-4.04 5.2174565984e-15
-4.03 5.26983168752e-15
-4.02 5.32259127563e-15
-4.01 5.37573701123e-15
-4.0 5.42950650376e-15
-3.99 5.48359864678e-15
-3.98 5.53824665096e-15
-3.97 5.59342238996e-15
-3.96 5.64908002327e-15
-3.95 5.70540158426e-15
-3.94 5.76214729107e-15
-3.93 5.81972561706e-15
-3.92 5.87788780271e-15
-3.91 5.93660636846e-15
-3.9 5.99603515477e-15
-3.89 6.05625683528e-15
-3.88 6.11708929405e-15
-3.87 6.17864239888e-15
-3.86 6.24081232404e-15
-3.85 6.30379916658e-15
-3.84 6.36750169071e-15
-3.83 6.43183441125e-15
-3.82 6.49688600624e-15
-3.81 6.56268467443e-15
-3.8 6.62899982293e-15
-3.79 6.69604890656e-15
-3.78 6.7638387939e-15
-3.77 6.83197198216e-15
-3.76 6.90081193251e-15
-3.75 6.97024006509e-15
-3.74 7.04033130745e-15
-3.73 7.1110451574e-15
-3.72 7.18222688841e-15
-3.71 7.2541398115e-15
-3.7 7.32667568919e-15
-3.69 7.39984007148e-15
-3.68 7.47367769597e-15
-3.67 7.54807597302e-15
-3.66 7.62334741091e-15
-3.65 7.69946737505e-15
-3.64 7.77643202931e-15
-3.63 7.85404628573e-15
-3.62 7.93248470254e-15
-3.61 8.01191747472e-15
-3.6 8.09203383766e-15
-3.59 8.17326997439e-15
-3.58 8.2553231841e-15
-3.57 8.33839979372e-15
-3.56 8.42236265475e-15
-3.55 8.50725780047e-15
-3.54 8.59296295096e-15
-3.53 8.67974514078e-15
-3.52 8.76713035673e-15
-3.51 8.85565520976e-15
-3.5 8.94504944261e-15
-3.49 9.03514855323e-15
-3.48 9.12613760171e-15
-3.47 9.21797498007e-15
-3.46 9.31043214156e-15
-3.45 9.40380769916e-15
-3.44 9.49830134514e-15
-3.43 9.5932980965e-15
-3.42 9.68907436846e-15
-3.41 9.78595534798e-15
-3.4 9.88353206405e-15
-3.39 9.98205589125e-15
-3.38 1.00816826081e-14
-3.37 1.01821266794e-14
-3.36 1.02835312242e-14
-3.35 1.03861447189e-14
-3.34 1.04898394446e-14
-3.33 1.05946788149e-14
-3.32 1.07007564688e-14
-3.31 1.08076668249e-14
-3.3 1.09163850556e-14
-3.29 1.10259203125e-14
-3.28 1.11367082336e-14
-3.27 1.12487996897e-14
-3.26 1.13623051627e-14
-3.25 1.14768736141e-14
-3.24 1.15926578171e-14
-3.23 1.17097196524e-14
-3.22 1.18276994717e-14
-3.21 1.1946822496e-14
-3.2 1.20674389831e-14
-3.19 1.21887554389e-14
-3.18 1.23112617547e-14
-3.17 1.2434622972e-14
-3.16 1.25591114552e-14
-3.15 1.26847648383e-14
-3.14 1.28114752584e-14
-3.13 1.29389171454e-14
-3.12 1.30680101553e-14
-3.11 1.3197604686e-14
-3.1 1.33289340244e-14
-3.09 1.34612014129e-14
-3.08 1.35946644244e-14
-3.07 1.37295987863e-14
-3.06 1.38658101443e-14
-3.05 1.40038582723e-14
-3.04 1.41430073108e-14
-3.03 1.4284006779e-14
-3.02 1.44267991555e-14
-3.01 1.45708273702e-14
-3.0 1.47169114339e-14
-2.99 1.4864440386e-14
-2.98 1.50136343542e-14
-2.97 1.51648537615e-14
-2.96 1.53176395339e-14
-2.95 1.54719715277e-14
-2.94 1.5628098925e-14
-2.93 1.57856818535e-14
-2.92 1.59450700966e-14
-2.91 1.61055968684e-14
-2.9 1.62679411264e-14
-2.89 1.64316248072e-14
-2.88 1.65965984823e-14
-2.87 1.67627579619e-14
-2.86 1.69303095361e-14
-2.85 1.70995795896e-14
-2.84 1.72697226349e-14
-2.83 1.74416665175e-14
-2.82 1.76145801974e-14
-2.81 1.77890850244e-14
-2.8 1.79648709663e-14
-2.79 1.81425242514e-14
-2.78 1.83215399552e-14
-2.77 1.85026053585e-14
-2.76 1.86852435432e-14
-2.75 1.88695559504e-14
-2.74 1.90562365324e-14
-2.73 1.92444130591e-14
-2.72 1.94354536084e-14
-2.71 1.96281548094e-14
-2.7 1.98232258082e-14
-2.69 2.00204165721e-14
-2.68 2.02202666394e-14
-2.67 2.04224447617e-14
-2.66 2.06265620271e-14
-2.65 2.08333357087e-14
-2.64 2.1042382764e-14
-2.63 2.12540775335e-14
-2.62 2.14676120153e-14
-2.61 2.16831987644e-14
-2.6 2.19007897965e-14
-2.59 2.21209421609e-14
-2.58 2.23428668597e-14
-2.57 2.25665194456e-14
-2.56 2.27923736349e-14
-2.55 2.30195619707e-14
-2.54 2.32490213247e-14
-2.53 2.34794474299e-14
-2.52 2.37124467086e-14
-2.51 2.39468239793e-14
-2.5 2.41828331196e-14
-2.49 2.4421534684e-14
-2.48 2.46614823056e-14
-2.47 2.4903366392e-14
-2.46 2.51476921961e-14
-2.45 2.53937401887e-14
-2.44 2.56425148233e-14
-2.43 2.58932298274e-14
-2.42 2.61469774157e-14
-2.41 2.64028716237e-14
-2.4 2.66617434649e-14
-2.39 2.69236436824e-14
-2.38 2.71883186467e-14
-2.37 2.74563797654e-14
-2.36 2.77272726023e-14
-2.35 2.80015585183e-14
-2.34 2.82787674986e-14
-2.33 2.85591869243e-14
-2.32 2.88435937233e-14
-2.31 2.91296881022e-14
-2.3 2.94196765365e-14
-2.29 2.97128822081e-14
-2.28 3.00089434879e-14
-2.27 3.03076837854e-14
-2.26 3.06094653078e-14
-2.25 3.09134130551e-14
-2.24 3.12199716747e-14
-2.23 3.15293122674e-14
-2.22 3.18413049135e-14
-2.21 3.21548179264e-14
-2.2 3.2471081381e-14
-2.19 3.2789481315e-14
-2.18 3.31104630679e-14
-2.17 3.34319951316e-14
-2.16 3.37572641142e-14
-2.15 3.4084469701e-14
-2.14 3.4414278952e-14
-2.13 3.47462078406e-14
-2.12 3.50816121611e-14
-2.11 3.54187765587e-14
-2.1 3.575971412e-14
-2.09 3.61035754096e-14
-2.08 3.64511210454e-14
-2.07 3.68020297915e-14
-2.06 3.71572033705e-14
-2.05 3.75169212436e-14
-2.04 3.78789049271e-14
-2.03 3.82469445883e-14
-2.02 3.86186177721e-14
-2.01 3.89944810814e-14
-2.0 3.9375361087e-14
-1.99 3.97598296112e-14
-1.98 4.01497051809e-14
-1.97 4.05424514295e-14
-1.96 4.0939504948e-14
-1.95 4.13403174042e-14
-1.94 4.17462057342e-14
-1.93 4.21547592345e-14
-1.92 4.25663590655e-14
-1.91 4.29806037807e-14
-1.9 4.3398730531e-14
-1.89 4.38182994444e-14
-1.88 4.42419127663e-14
-1.87 4.4666085081e-14
-1.86 4.50933761508e-14
-1.85 4.55234738182e-14
-1.84 4.59556267058e-14
-1.83 4.6390062835e-14
-1.82 4.68267501768e-14
-1.81 4.72670405737e-14
-1.8 4.77091965997e-14
-1.79 4.81554499143e-14
-1.78 4.86047817135e-14
-1.77 4.90574410538e-14
-1.76 4.95156839759e-14
-1.75 4.99774695642e-14
-1.74 5.04446707356e-14
-1.73 5.09167586984e-14
-1.72 5.13936218654e-14
-1.71 5.1876107658e-14
-1.7 5.23651900383e-14
-1.69 5.28580912846e-14
-1.68 5.33575982541e-14
-1.67 5.3862320618e-14
-1.66 5.43725596357e-14
-1.65 5.48888395988e-14
-1.64 5.5409185196e-14
-1.63 5.59350765708e-14
-1.62 5.64642020467e-14
-1.61 5.6998004736e-14
-1.6 5.75346589437e-14
-1.59 5.80748358526e-14
-1.58 5.8618229934e-14
-1.57 5.91631071852e-14
-1.56 5.97116436287e-14
-1.55 6.02621246332e-14
-1.54 6.08137254467e-14
-1.53 6.13673293914e-14
-1.52 6.19233586816e-14
-1.51 6.24818812557e-14
-1.5 6.30422421726e-14
-1.49 6.36063786448e-14
-1.48 6.41719434946e-14
-1.47 6.47414554151e-14
-1.46 6.531435011e-14
-1.45 6.58920450894e-14
-1.44 6.64741633756e-14
-1.43 6.70631919115e-14
-1.42 6.76553721898e-14
-1.41 6.82524266596e-14
-1.4 6.88582690281e-14
-1.39 6.94685182771e-14
-1.38 7.00847834975e-14
-1.37 7.07077449477e-14
-1.36 7.13376436391e-14
-1.35 7.19719935517e-14
-1.34 7.26112636182e-14
-1.33 7.32581083295e-14
-1.32 7.39079552333e-14
-1.31 7.4562535164e-14
-1.3 7.52207660759e-14
-1.29 7.58812300743e-14
-1.28 7.65456004314e-14
-1.27 7.72118129496e-14
-1.26 7.78801657732e-14
-1.25 7.85491266282e-14
-1.24 7.92199823785e-14
-1.23 7.98905953412e-14
-1.22 8.05641378872e-14
-1.21 8.12356482543e-14
-1.2 8.19123301801e-14
-1.19 8.25862411403e-14
-1.18 8.32630241555e-14
-1.17 8.39428647514e-14
-1.16 8.46216857954e-14
-1.15 8.53078486163e-14
-1.14 8.59943845172e-14
-1.13 8.6685022759e-14
-1.12 8.73806659419e-14
-1.11 8.8078474238e-14
-1.1 8.87833497166e-14
-1.09 8.94935054071e-14
-1.08 9.02052837904e-14
-1.07 9.09261490346e-14
-1.06 9.16479158096e-14
-1.05 9.23767195629e-14
-1.04 9.31095082148e-14
-1.03 9.38439264303e-14
-1.02 9.45823866204e-14
-1.01 9.53218291046e-14
-1.0 9.60648679614e-14
-0.99 9.68099251028e-14
-0.98 9.75529434536e-14
-0.97 9.82978846025e-14
-0.96 9.90408332858e-14
-0.95 9.9784004978e-14
-0.94 1.00523598503e-13
-0.93 1.01265536078e-13
-0.92 1.02002078973e-13
-0.91 1.02738014302e-13
-0.9 1.03472025021e-13
-0.89 1.04205323517e-13
-0.88 1.04936047739e-13
-0.87 1.05667720652e-13
-0.86 1.0639719137e-13
-0.85 1.07126737327e-13
-0.84 1.07856056284e-13
-0.83 1.08586505043e-13
-0.82 1.09317613675e-13
-0.81 1.10049590242e-13
-0.8 1.10781424419e-13
-0.79 1.11514642332e-13
-0.78 1.12250550011e-13
-0.77 1.12986557428e-13
-0.76 1.13723460459e-13
-0.75 1.14461293536e-13
-0.74 1.15194941003e-13
-0.73 1.15929575054e-13
-0.72 1.16660643886e-13
-0.71 1.17391456242e-13
-0.7 1.18114358012e-13
-0.69 1.18835102888e-13
-0.68 1.19553911307e-13
-0.67 1.202663931e-13
-0.66 1.20968167229e-13
-0.65 1.21668285033e-13
-0.64 1.22358565102e-13
-0.63 1.23044008389e-13
-0.62 1.23719367451e-13
-0.61 1.2439318512e-13
-0.6 1.2505490777e-13
-0.59 1.25715545172e-13
-0.58 1.26363949674e-13
-0.57 1.27012225051e-13
-0.56 1.27652885344e-13
-0.55 1.28286028414e-13
-0.54 1.28916453701e-13
-0.53 1.29543521977e-13
-0.52 1.30161944815e-13
-0.51 1.30781233626e-13
-0.5 1.31394231714e-13
-0.49 1.32000490989e-13
-0.48 1.32601728337e-13
-0.47 1.33201553868e-13
-0.46 1.33792212978e-13
-0.45 1.34376863797e-13
-0.44 1.34953134536e-13
-0.43 1.35521677021e-13
-0.42 1.3607867605e-13
-0.41 1.36628581586e-13
-0.4 1.37163880149e-13
-0.39 1.37690962774e-13
-0.38 1.38200562704e-13
-0.37 1.3870148824e-13
-0.36 1.39186694208e-13
-0.35 1.39659685755e-13
-0.34 1.40116032849e-13
-0.33 1.40559514765e-13
-0.32 1.40989903706e-13
-0.31 1.41407285026e-13
-0.3 1.41808948337e-13
-0.29 1.42200490596e-13
-0.28 1.42578652857e-13
-0.27 1.42946253387e-13
-0.26 1.43301182525e-13
-0.25 1.43648679479e-13
-0.24 1.43982361113e-13
-0.23 1.44313685191e-13
-0.22 1.44626805866e-13
-0.21 1.4493595249e-13
-0.2 1.45230936338e-13
-0.19 1.45518952878e-13
-0.18 1.45794999444e-13
-0.17 1.46061986967e-13
-0.16 1.46316134429e-13
-0.15 1.46559457142e-13
-0.14 1.46786538935e-13
-0.13 1.47003610196e-13
-0.12 1.47201956405e-13
-0.11 1.47385209567e-13
-0.1 1.47554279538e-13
-0.0900000000001 1.47701491705e-13
-0.0800000000001 1.47836355983e-13
-0.0700000000001 1.47951650559e-13
-0.0600000000001 1.480450488e-13
-0.0500000000001 1.48127684041e-13
-0.0400000000001 1.48186805115e-13
-0.0300000000001 1.48226819408e-13
-0.0200000000001 1.48254428947e-13
-0.0100000000001 1.48258442935e-13
0.0 1.48253070766e-13
0.00999999999994 1.4822673986e-13
0.0199999999999 1.48190066058e-13
0.0299999999999 1.48137118413e-13
0.0399999999999 1.48071792413e-13
0.0499999999999 1.47993946296e-13
0.0599999999999 1.47899121045e-13
0.0699999999999 1.47797661193e-13
0.0799999999999 1.47679552559e-13
0.0899999999999 1.47553556201e-13
0.0999999999999 1.47414708035e-13
0.11 1.47264545237e-13
0.12 1.47104173817e-13
0.13 1.46928860787e-13
0.14 1.46744365651e-13
0.15 1.46545390437e-13
0.16 1.46334355429e-13
0.17 1.46106942768e-13
0.18 1.4586623368e-13
0.19 1.45611919991e-13
0.2 1.45340991419e-13
0.21 1.4505692812e-13
0.22 1.44757932345e-13
0.23 1.44441347545e-13
0.24 1.44114335124e-13
0.25 1.43767183996e-13
0.26 1.43406121151e-13
0.27 1.43031458539e-13
0.28 1.42644230766e-13
0.29 1.42242488241e-13
0.3 1.41827231194e-13
0.31 1.4140083924e-13
0.32 1.40958300729e-13
0.33 1.40515347297e-13
0.34 1.4005403758e-13
0.35 1.39580610142e-13
0.36 1.39100575448e-13
0.37 1.38608885586e-13
0.38 1.38111422671e-13
0.39 1.37602210722e-13
0.4 1.37086091162e-13
0.41 1.36557800615e-13
0.42 1.36026211318e-13
0.43 1.3548365472e-13
0.44 1.34932641905e-13
0.45 1.3437221169e-13
0.46 1.33803107945e-13
0.47 1.3322650158e-13
0.48 1.3264053456e-13
0.49 1.3204700679e-13
0.5 1.31442602173e-13
0.51 1.30835720883e-13
0.52 1.30218161344e-13
0.53 1.29593327339e-13
0.54 1.28961739074e-13
0.55 1.28321937326e-13
0.56 1.27675356007e-13
0.57 1.27024082461e-13
0.58 1.26366675705e-13
0.59 1.25701409924e-13
0.6 1.2503578076e-13
0.61 1.24365458356e-13
0.62 1.23686397984e-13
0.63 1.23004792614e-13
0.64 1.22320557438e-13
0.65 1.21630259355e-13
0.66 1.20936475808e-13
0.67 1.20238178025e-13
0.68 1.19535984686e-13
0.69 1.18828860258e-13
0.7 1.18121789035e-13
0.71 1.17405653313e-13
0.72 1.1668791529e-13
0.73 1.15968060178e-13
0.74 1.15241181074e-13
0.75 1.14512813851e-13
0.76 1.13777454899e-13
0.77 1.13040798577e-13
0.78 1.12305049585e-13
0.79 1.11564086507e-13
0.8 1.10819739097e-13
0.81 1.10075702754e-13
0.82 1.09332156667e-13
0.83 1.08586731861e-13
0.84 1.07840105514e-13
0.85 1.07095418129e-13
0.86 1.06352025739e-13
0.87 1.0560682886e-13
0.88 1.04867197002e-13
0.89 1.04127977359e-13
0.9 1.03391002889e-13
0.91 1.02657101334e-13
0.92 1.01922371315e-13
0.93 1.0119399109e-13
0.94 1.0046015721e-13
0.95 9.97327555294e-14
0.96 9.90064587631e-14
0.97 9.82802117317e-14
0.98 9.75551812557e-14
0.99 9.68286377036e-14
1.0 9.61030494081e-14
1.01 9.53788740675e-14
1.02 9.46545488923e-14
1.03 9.39265504527e-14
1.04 9.32012779325e-14
1.05 9.24761108047e-14
1.06 9.17504861934e-14
1.07 9.10230323864e-14
1.08 9.02982250835e-14
1.09 8.95740685621e-14
1.1 8.88500548026e-14
1.11 8.81298972703e-14
1.12 8.74099058026e-14
1.13 8.66952416713e-14
1.14 8.5981706528e-14
1.15 8.52745775962e-14
1.16 8.45708463053e-14
1.17 8.38709371058e-14
1.18 8.31770575055e-14
1.19 8.2488131104e-14
1.2 8.18061559751e-14
1.21 8.11279058603e-14
1.22 8.0454511175e-14
1.23 7.97862701831e-14
1.24 7.91265494043e-14
1.25 7.84673452692e-14
1.26 7.78126677032e-14
1.27 7.71655526642e-14
1.28 7.65180007703e-14
1.29 7.58776172476e-14
1.3 7.5235523292e-14
1.31 7.46002298563e-14
1.32 7.39630341784e-14
1.33 7.33305387669e-14
1.34 7.26975523278e-14
1.35 7.20678492484e-14
1.36 7.14410408746e-14
1.37 7.08145547339e-14
1.38 7.01893786247e-14
1.39 6.95663240252e-14
1.4 6.89471403316e-14
1.41 6.83297034567e-14
1.42 6.77156218587e-14
1.43 6.71058256933e-14
1.44 6.6498536484e-14
1.45 6.58971347736e-14
1.46 6.52988335558e-14
1.47 6.47077413781e-14
1.48 6.41194896771e-14
1.49 6.35387955875e-14
1.5 6.29627942107e-14
1.51 6.23939365911e-14
1.52 6.18298505762e-14
1.53 6.12713417455e-14
1.54 6.07193895969e-14
1.55 6.01728131669e-14
1.56 5.96317381491e-14
1.57 5.90949018735e-14
1.58 5.85633534442e-14
1.59 5.8035907599e-14
1.6 5.75124941986e-14
1.61 5.69923103756e-14
1.62 5.64755425372e-14
1.63 5.59628523408e-14
1.64 5.54511799286e-14
1.65 5.49440766926e-14
1.66 5.44399155237e-14
1.67 5.39371379115e-14
1.68 5.34357058349e-14
1.69 5.29387988932e-14
1.7 5.24429398301e-14
1.71 5.19501336242e-14
1.72 5.14610007658e-14
1.73 5.09748840731e-14
1.74 5.04915122936e-14
1.75 5.00129312219e-14
1.76 4.95365943756e-14
1.77 4.90658647074e-14
1.78 4.85974775957e-14
1.79 4.81351123082e-14
1.8 4.76764583447e-14
1.81 4.72224430105e-14
1.82 4.67745118484e-14
1.83 4.63308375007e-14
1.84 4.5891857771e-14
1.85 4.54586317471e-14
1.86 4.50284787489e-14
1.87 4.46047381649e-14
1.88 4.41845875995e-14
1.89 4.37689895888e-14
1.9 4.33570698332e-14
1.91 4.29492967439e-14
1.92 4.25450057027e-14
1.93 4.21450530828e-14
1.94 4.17476763864e-14
1.95 4.13537259041e-14
1.96 4.09626000787e-14
1.97 4.05739445042e-14
1.98 4.01883003155e-14
1.99 3.98043086441e-14
2.0 3.942369288e-14
2.01 3.90458758691e-14
2.02 3.86695063364e-14
2.03 3.82961512614e-14
2.04 3.79258112272e-14
2.05 3.75579302545e-14
2.06 3.71929838603e-14
2.07 3.68303513388e-14
2.08 3.64710103316e-14
2.09 3.6115332814e-14
2.1 3.57625630915e-14
2.11 3.54137013206e-14
2.12 3.50673427935e-14
2.13 3.47257911397e-14
2.14 3.43871542098e-14
2.15 3.40521430652e-14
2.16 3.37211865893e-14
2.17 3.33939006403e-14
2.18 3.30700939539e-14
2.19 3.2750170824e-14
2.2 3.24333818783e-14
2.21 3.21200981347e-14
2.22 3.18109007222e-14
2.23 3.15043666144e-14
2.24 3.120093028e-14
2.25 3.08999190356e-14
2.26 3.06026476579e-14
2.27 3.03077046593e-14
2.28 3.00153030463e-14
2.29 2.97258236426e-14
2.3 2.94378136345e-14
2.31 2.91520553045e-14
2.32 2.88692656043e-14
2.33 2.85882272926e-14
2.34 2.83094233032e-14
2.35 2.80321861328e-14
2.36 2.77577670139e-14
2.37 2.74850228621e-14
2.38 2.72153880647e-14
2.39 2.69468030568e-14
2.4 2.6680017195e-14
2.41 2.64165966395e-14
2.42 2.61552976513e-14
2.43 2.5896759507e-14
2.44 2.56402063714e-14
2.45 2.53859640401e-14
2.46 2.51357033561e-14
2.47 2.48869142413e-14
2.48 2.46419283234e-14
2.49 2.43991855286e-14
2.5 2.41591075515e-14
2.51 2.39221047776e-14
2.52 2.36873540595e-14
2.53 2.34562677427e-14
2.54 2.32268504344e-14
2.55 2.30001651478e-14
2.56 2.27760497723e-14
2.57 2.25537231073e-14
2.58 2.23344434639e-14
2.59 2.21167050074e-14
2.6 2.19009675966e-14
2.61 2.1687278836e-14
2.62 2.14755233211e-14
2.63 2.12651673272e-14
2.64 2.10569199763e-14
2.65 2.085025667e-14
2.66 2.06450748813e-14
2.67 2.0441624272e-14
2.68 2.02395487237e-14
2.69 2.00393822698e-14
2.7 1.984091415e-14
2.71 1.96438915536e-14
2.72 1.94488104847e-14
2.73 1.92549933945e-14
2.74 1.90637784457e-14
2.75 1.88739929137e-14
2.76 1.8685583556e-14
2.77 1.84995492241e-14
2.78 1.83163263062e-14
2.79 1.81339277136e-14
2.8 1.79539394648e-14
2.81 1.7776444179e-14
2.82 1.76006565511e-14
2.83 1.74273481505e-14
2.84 1.72551100311e-14
2.85 1.70856834852e-14
2.86 1.69177538797e-14
2.87 1.67515381506e-14
2.88 1.6586990609e-14
2.89 1.64244461472e-14
2.9 1.62630673552e-14
2.91 1.61034973668e-14
2.92 1.59453917434e-14
2.93 1.57880748675e-14
2.94 1.56329019855e-14
2.95 1.54783665347e-14
2.96 1.53253773161e-14
2.97 1.51738954821e-14
2.98 1.50230835922e-14
2.99 1.4874729392e-14
3.0 1.47263565791e-14
3.01 1.45804645675e-14
3.02 1.44353835307e-14
3.03 1.42915541463e-14
3.04 1.41490587893e-14
3.05 1.40083072576e-14
3.06 1.38686547693e-14
3.07 1.37305380292e-14
3.08 1.35938367043e-14
3.09 1.34581451228e-14
3.1 1.33249617872e-14
3.11 1.31925867079e-14
3.12 1.30620548968e-14
3.13 1.29325878162e-14
3.14 1.28048078437e-14
3.15 1.2679015824e-14
3.16 1.25529424345e-14
3.17 1.24301561368e-14
3.18 1.23075379535e-14
3.19 1.21860037413e-14
3.2 1.20655406185e-14
3.21 1.19463548065e-14
3.22 1.18281686601e-14
3.23 1.17112119746e-14
3.24 1.15950499693e-14
3.25 1.14798373425e-14
3.26 1.13661701199e-14
3.27 1.12526975604e-14
3.28 1.11406122775e-14
3.29 1.10294905324e-14
3.3 1.09198509485e-14
3.31 1.0811471259e-14
3.32 1.07028069497e-14
3.33 1.05964836174e-14
3.34 1.04907048072e-14
3.35 1.03860604392e-14
3.36 1.02825208675e-14
3.37 1.01800240277e-14
3.38 1.00788842117e-14
3.39 9.97895855183e-15
3.4 9.88018991143e-15
3.41 9.78258945279e-15
3.42 9.68582887532e-15
3.43 9.58974749101e-15
3.44 9.49513911438e-15
3.45 9.40136085598e-15
3.46 9.30843294246e-15
3.47 9.21693827416e-15
3.48 9.12547030417e-15
3.49 9.03542566473e-15
3.5 8.94577470671e-15
3.51 8.85700708171e-15
3.52 8.76904956147e-15
3.53 8.68191225099e-15
3.54 8.59559966828e-15
3.55 8.5099239838e-15
3.56 8.42521712029e-15
3.57 8.34168668647e-15
3.58 8.25776908316e-15
3.59 8.17594256154e-15
3.6 8.09411659674e-15
3.61 8.01365251972e-15
3.62 7.93343339315e-15
3.63 7.85282335532e-15
3.64 7.77614871118e-15
3.65 7.69703108457e-15
3.66 7.62048500415e-15
3.67 7.54463678271e-15
3.68 7.46999426675e-15
3.69 7.39572094129e-15
3.7 7.32286657926e-15
3.71 7.2502712834e-15
3.72 7.17897678996e-15
3.73 7.10821249285e-15
3.74 7.03767695924e-15
3.75 6.9686906322e-15
3.76 6.90018341525e-15
3.77 6.83180030816e-15
3.78 6.76458797703e-15
3.79 6.69651653744e-15
3.8 6.63140578804e-15
3.81 6.56415664635e-15
3.82 6.49935962021e-15
3.83 6.43497838244e-15
3.84 6.37093834639e-15
3.85 6.30775060461e-15
3.86 6.2451542498e-15
3.87 6.18282263182e-15
3.88 6.12078251421e-15
3.89 6.06095323722e-15
3.9 5.99851522468e-15
3.91 5.93961590516e-15
3.92 5.88038874218e-15
3.93 5.82107870772e-15
3.94 5.76344752287e-15
3.95 5.70272690838e-15
3.96 5.64878542641e-15
3.97 5.58918845368e-15
3.98 5.53361099113e-15
3.99 5.47850225245e-15
4.0 5.42407790242e-15
4.01 5.37041782123e-15
4.02 5.3173700659e-15
4.03 5.26472905677e-15
4.04 5.21321666268e-15
4.05 5.16172741564e-15
4.06 5.11135629351e-15
4.07 5.0613474936e-15
4.08 5.01216819076e-15
4.09 4.96201493261e-15
4.1 4.91389931418e-15
4.11 4.86419448883e-15
4.12 4.81726425023e-15
4.13 4.76952450241e-15
4.14 4.72043684836e-15
4.15 4.67362115988e-15
4.16 4.6269257983e-15
4.17 4.58068019383e-15
4.18 4.53486776253e-15
4.19 4.48943391535e-15
4.2 4.44448700445e-15
4.21 4.39997837161e-15
4.22 4.35533047813e-15
4.23 4.31330573878e-15
4.24 4.2705914977e-15
4.25 4.22550994866e-15
4.26 4.18581129534e-15
4.27 4.14147173731e-15
4.28 4.10264595467e-15
4.29 4.06183675616e-15
4.3 4.0198089782e-15
4.31 3.98026428884e-15
4.32 3.94114173305e-15
4.33 3.90255174451e-15
4.34 3.86419632129e-15
4.35 3.82554203892e-15
4.36 3.78811904942e-15
4.37 3.75006193547e-15
4.38 3.71252917665e-15
4.39 3.67743739806e-15
4.4 3.64133403318e-15
4.41 3.60314427651e-15
4.42 3.56866902947e-15
4.43 3.5321564729e-15
4.44 3.49716750055e-15
4.45 3.46191068773e-15
4.46 3.42775638116e-15
4.47 3.39363164127e-15
4.48 3.35969652588e-15
4.49 3.32545946614e-15
4.5 3.29234680444e-15
4.51 3.25874510998e-15
4.52 3.22647787186e-15
4.53 3.19356774663e-15
4.54 3.1621284101e-15
4.55 3.13194660308e-15
4.56 3.10072507363e-15
4.57 3.06897451171e-15
4.58 3.0392636648e-15
4.59 3.00930069638e-15
4.6 2.97926744311e-15
4.61 2.9498040483e-15
4.62 2.9220932499e-15
4.63 2.89358753323e-15
4.64 2.86480716227e-15
4.65 2.83597778216e-15
4.66 2.80829472825e-15
4.67 2.77981665437e-15
4.68 2.75256655997e-15
4.69 2.72547086614e-15
4.7 2.69852861112e-15
4.71 2.66996405146e-15
4.72 2.64286806233e-15
4.73 2.61854682694e-15
4.74 2.58943749548e-15
4.75 2.56600268058e-15
4.76 2.53717801527e-15
4.77 2.51128036371e-15
4.78 2.48862412309e-15
4.79 2.46365446166e-15
4.8 2.43837032378e-15
4.81 2.4140922678e-15
4.82 2.38926274183e-15
4.83 2.36571052656e-15
4.84 2.34243601649e-15
4.85 2.31948813773e-15
4.86 2.29678102036e-15
4.87 2.27151024198e-15
4.88 2.2502632787e-15
4.89 2.23120711567e-15
4.9 2.20777535584e-15
4.91 2.18913482989e-15
4.92 2.16567749984e-15
4.93 2.14469385147e-15
4.94 2.12653616016e-15
4.95 2.10608685522e-15
4.96 2.08482449514e-15
4.97 2.06410035156e-15
4.98 2.04406486926e-15
4.99 2.02319672883e-15
5.0 2.00319592494e-15
