-5.0 1.99822940886e-15
-4.99 2.01852802321e-15
-4.98 2.03899941204e-15
-4.97 2.05961236991e-15
-4.96 2.08042171676e-15
-4.95 2.10135252025e-15
-4.94 2.12252153834e-15
-4.93 2.14374322659e-15
-4.92 2.16513749876e-15
-4.91 2.18668292655e-15
-4.9 2.20841494648e-15
-4.89 2.23033112346e-15
-4.88 2.25233859849e-15
-4.87 2.27460177234e-15
-4.86 2.29708333319e-15
-4.85 2.31983306357e-15
-4.84 2.34275351487e-15
-4.83 2.36600571336e-15
-4.82 2.38952782581e-15
-4.81 2.41337087353e-15
-4.8 2.43748134903e-15
-4.79 2.46193519728e-15
-4.78 2.48679595877e-15
-4.77 2.51191822689e-15
-4.76 2.53739184928e-15
-4.75 2.56319883746e-15
-4.74 2.58937813395e-15
-4.73 2.61575429574e-15
-4.72 2.64250067054e-15
-4.71 2.66952181875e-15
-4.7 2.69683182786e-15
-4.69 2.72434449844e-15
-4.68 2.75214097815e-15
-4.67 2.78015860033e-15
-4.66 2.80837478429e-15
-4.65 2.83675146674e-15
-4.64 2.86537030051e-15
-4.63 2.89409294908e-15
-4.62 2.92309953897e-15
-4.61 2.95223000516e-15
-4.6 2.98164661799e-15
-4.59 3.0112039329e-15
-4.58 3.04104738761e-15
-4.57 3.07101148662e-15
-4.56 3.10141753913e-15
-4.55 3.13194345149e-15
-4.54 3.1629580522e-15
-4.53 3.19414957177e-15
-4.52 3.22584904019e-15
-4.51 3.25779454249e-15
-4.5 3.2903510362e-15
-4.49 3.32313971353e-15
-4.48 3.35649949501e-15
-4.47 3.3901811234e-15
-4.46 3.42440073279e-15
-4.45 3.45900559962e-15
-4.44 3.49413996624e-15
-4.43 3.52966991014e-15
-4.42 3.56569522272e-15
-4.41 3.60203874376e-15
-4.4 3.63889704658e-15
-4.39 3.67603092126e-15
-4.38 3.71360455601e-15
-4.37 3.75145774334e-15
-4.36 3.78966758779e-15
-4.35 3.82817289344e-15
-4.34 3.86697015395e-15
-4.33 3.90599383697e-15
-4.32 3.94539037076e-15
-4.31 3.98502086997e-15
-4.3 4.02482272133e-15
-4.29 4.06504600912e-15
-4.28 4.10549631058e-15
-4.27 4.14620276285e-15
-4.26 4.18729837511e-15
-4.25 4.22874435674e-15
-4.24 4.270558545e-15
-4.23 4.31278264635e-15
-4.22 4.35551783197e-15
-4.21 4.39865528882e-15
-4.2 4.44233691958e-15
-4.19 4.48647036566e-15
-4.18 4.53123267792e-15
-4.17 4.57658640859e-15
-4.16 4.62249041463e-15
-4.15 4.66885158318e-15
-4.14 4.71594561808e-15
-4.13 4.76365387627e-15
-4.12 4.81193499275e-15
-4.11 4.86062289141e-15
-4.1 4.91001082824e-15
-4.09 4.95996705507e-15
-4.08 5.01040741385e-15
-4.07 5.06131568542e-15
-4.06 5.11289644738e-15
-4.05 5.16479268753e-15
-4.04 5.21718500035e-15
-4.03 5.27000926727e-15
-4.02 5.32336617518e-15
-4.01 5.37700512858e-15
-4.0 5.43117843388e-15
-3.99 5.48583851836e-15
-3.98 5.54077994548e-15
-3.97 5.59620593037e-15
-3.96 5.65200590695e-15
-3.95 5.70842046252e-15
-3.94 5.76521516276e-15
-3.93 5.82254889145e-15
-3.92 5.88044980828e-15
-3.91 5.93894642833e-15
-3.9 5.99784420617e-15
-3.89 6.05754130254e-15
-3.88 6.11783418889e-15
-3.87 6.17884717538e-15
-3.86 6.24034853489e-15
-3.85 6.30272009959e-15
-3.84 6.36582063992e-15
-3.83 6.42963627384e-15
-3.82 6.49426311587e-15
-3.81 6.5594309072e-15
-3.8 6.62557020017e-15
-3.79 6.69242994379e-15
-3.78 6.76006444066e-15
-3.77 6.82838210559e-15
-3.76 6.89751687025e-15
-3.75 6.96730814241e-15
-3.74 7.03780143887e-15
-3.73 7.10908865366e-15
-3.72 7.18113730926e-15
-3.71 7.25357241079e-15
-3.7 7.32687859858e-15
-3.69 7.40098699948e-15
-3.68 7.47542920181e-15
-3.67 7.55073818729e-15
-3.66 7.62669833355e-15
-3.65 7.70332797034e-15
-3.64 7.78055186654e-15
-3.63 7.8585239132e-15
-3.62 7.93702806457e-15
-3.61 8.01638678911e-15
-3.6 8.09634820264e-15
-3.59 8.17716639082e-15
-3.58 8.25866788089e-15
-3.57 8.34107291333e-15
-3.56 8.42404437291e-15
-3.55 8.50794615806e-15
-3.54 8.592761921e-15
-3.53 8.67848330532e-15
-3.52 8.7649528952e-15
-3.51 8.85240686759e-15
-3.5 8.94088559859e-15
-3.49 9.03042461444e-15
-3.48 9.12076139136e-15
-3.47 9.21200273866e-15
-3.46 9.30457013142e-15
-3.45 9.39807707872e-15
-3.44 9.49265324391e-15
-3.43 9.58802157093e-15
-3.42 9.68476227448e-15
-3.41 9.78253756907e-15
-3.4 9.88124243492e-15
-3.39 9.9808232673e-15
-3.38 1.00816968716e-14
-3.37 1.01835918373e-14
-3.36 1.02865953613e-14
-3.35 1.03902309834e-14
-3.34 1.04951108421e-14
-3.33 1.06009289593e-14
-3.32 1.07076446409e-14
-3.31 1.08153492179e-14
-3.3 1.09239532552e-14
-3.29 1.10336478074e-14
-3.28 1.11440802128e-14
-3.27 1.12555918237e-14
-3.26 1.13680282872e-14
-3.25 1.14815117879e-14
-3.24 1.15957422781e-14
-3.23 1.17112961257e-14
-3.22 1.18277750186e-14
-3.21 1.19452717373e-14
-3.2 1.2063847158e-14
-3.19 1.21838216933e-14
-3.18 1.23046778939e-14
-3.17 1.24267904879e-14
-3.16 1.25503582366e-14
-3.15 1.26752518884e-14
-3.14 1.28014820969e-14
-3.13 1.29292082166e-14
-3.12 1.30584611305e-14
-3.11 1.31890677459e-14
-3.1 1.33211106726e-14
-3.09 1.34552001797e-14
-3.08 1.35903380718e-14
-3.07 1.37272592588e-14
-3.06 1.38656499443e-14
-3.05 1.40056014239e-14
-3.04 1.41470077885e-14
-3.03 1.42900199264e-14
-3.02 1.44345241882e-14
-3.01 1.45803505866e-14
-3.0 1.47277354245e-14
-2.99 1.48763868765e-14
-2.98 1.50262215109e-14
-2.97 1.51772465996e-14
-2.96 1.53298047837e-14
-2.95 1.54834475377e-14
-2.94 1.56381289574e-14
-2.93 1.57941717622e-14
-2.92 1.59514375077e-14
-2.91 1.61096815097e-14
-2.9 1.62693496954e-14
-2.89 1.64304345136e-14
-2.88 1.65928194919e-14
-2.87 1.67563366022e-14
-2.86 1.69215682497e-14
-2.85 1.70886317688e-14
-2.84 1.7257213975e-14
-2.83 1.74271922218e-14
-2.82 1.75992170728e-14
-2.81 1.77738328909e-14
-2.8 1.79498743665e-14
-2.79 1.81278335281e-14
-2.78 1.83084844779e-14
-2.77 1.84914822758e-14
-2.76 1.8676387215e-14
-2.75 1.88632681935e-14
-2.74 1.9053017842e-14
-2.73 1.92447812656e-14
-2.72 1.94387174863e-14
-2.71 1.96344053678e-14
-2.7 1.98331566074e-14
-2.69 2.00330108053e-14
-2.68 2.02351852412e-14
-2.67 2.04391635427e-14
-2.66 2.0645426266e-14
-2.65 2.08526704913e-14
-2.64 2.10615348309e-14
-2.63 2.12717338261e-14
-2.62 2.14844515644e-14
-2.61 2.16980050674e-14
-2.6 2.19130037518e-14
-2.59 2.21293518984e-14
-2.58 2.23480735403e-14
-2.57 2.25677079611e-14
-2.56 2.27890637473e-14
-2.55 2.30122695613e-14
-2.54 2.32378224961e-14
-2.53 2.34652031171e-14
-2.52 2.36945515479e-14
-2.51 2.39264559383e-14
-2.5 2.41610932616e-14
-2.49 2.43983803318e-14
-2.48 2.46378451566e-14
-2.47 2.4880430661e-14
-2.46 2.51265007933e-14
-2.45 2.53752482574e-14
-2.44 2.56267195357e-14
-2.43 2.58818113656e-14
-2.42 2.6139620382e-14
-2.41 2.64007549377e-14
-2.4 2.66644273285e-14
-2.39 2.69317676016e-14
-2.38 2.72011024923e-14
-2.37 2.74734395098e-14
-2.36 2.77481045532e-14
-2.35 2.80255443645e-14
-2.34 2.83051655302e-14
-2.33 2.85869656137e-14
-2.32 2.88703408375e-14
-2.31 2.91573719954e-14
-2.3 2.9445229197e-14
-2.29 2.97348756087e-14
-2.28 3.00268853481e-14
-2.27 3.03215162486e-14
-2.26 3.06177451445e-14
-2.25 3.09158606873e-14
-2.24 3.12163599396e-14
-2.23 3.15200470834e-14
-2.22 3.18261120279e-14
-2.21 3.21349819158e-14
-2.2 3.24460340781e-14
-2.19 3.27608485037e-14
-2.18 3.30783964481e-14
-2.17 3.3400531444e-14
-2.16 3.37249526713e-14
-2.15 3.40530657116e-14
-2.14 3.43849546229e-14
-2.13 3.47210434168e-14
-2.12 3.50608076603e-14
-2.11 3.54040502781e-14
-2.1 3.57513094217e-14
-2.09 3.61025701868e-14
-2.08 3.64570326557e-14
-2.07 3.68145540585e-14
-2.06 3.71762049977e-14
-2.05 3.75408298876e-14
-2.04 3.79090321109e-14
-2.03 3.82796021892e-14
-2.02 3.86544500863e-14
-2.01 3.90313809483e-14
-2.0 3.94119583257e-14
-1.99 3.97946249134e-14
-1.98 4.01805392422e-14
-1.97 4.05689710971e-14
-1.96 4.09608284106e-14
-1.95 4.13549641351e-14
-1.94 4.17530736708e-14
-1.93 4.21535531731e-14
-1.92 4.25575128689e-14
-1.91 4.29647352207e-14
-1.9 4.3375360619e-14
-1.89 4.37894990634e-14
-1.88 4.42074742591e-14
-1.87 4.4628512567e-14
-1.86 4.505445375e-14
-1.85 4.54831635469e-14
-1.84 4.5916509159e-14
-1.83 4.63544119778e-14
-1.82 4.67958185185e-14
-1.81 4.72403376195e-14
-1.8 4.76900063341e-14
-1.79 4.81437176321e-14
-1.78 4.86011880057e-14
-1.77 4.90627346317e-14
-1.76 4.95289596059e-14
-1.75 4.99973417074e-14
-1.74 5.04716144218e-14
-1.73 5.09488426627e-14
-1.72 5.14306619305e-14
-1.71 5.19152196839e-14
-1.7 5.24049972458e-14
-1.69 5.28972456658e-14
-1.68 5.33950797442e-14
-1.67 5.38960958771e-14
-1.66 5.44012496236e-14
-1.65 5.4909615621e-14
-1.64 5.54232575855e-14
-1.63 5.59411080344e-14
-1.62 5.64629003767e-14
-1.61 5.69875768172e-14
-1.6 5.75169475106e-14
-1.59 5.80509574116e-14
-1.58 5.85883176822e-14
-1.57 5.91299082585e-14
-1.56 5.9675492893e-14
-1.55 6.02236521001e-14
-1.54 6.07768122375e-14
-1.53 6.13326555288e-14
-1.52 6.18926240128e-14
-1.51 6.24551906058e-14
-1.5 6.30222145344e-14
-1.49 6.35917648255e-14
-1.48 6.41652992418e-14
-1.47 6.4742401338e-14
-1.46 6.53231270758e-14
-1.45 6.59076252396e-14
-1.44 6.64953650771e-14
-1.43 6.70863309282e-14
-1.42 6.76837303212e-14
-1.41 6.828290071e-14
-1.4 6.88890623952e-14
-1.39 6.94970297457e-14
-1.38 7.01117580333e-14
-1.37 7.07302130516e-14
-1.36 7.13546574825e-14
-1.35 7.19837456653e-14
-1.34 7.26186682152e-14
-1.33 7.32570724207e-14
-1.32 7.39023375376e-14
-1.31 7.45504707016e-14
-1.3 7.52045716677e-14
-1.29 7.58622422358e-14
-1.28 7.65241466278e-14
-1.27 7.71882960751e-14
-1.26 7.78581104775e-14
-1.25 7.85286658958e-14
-1.24 7.9203570509e-14
-1.23 7.98780214537e-14
-1.22 8.05570609474e-14
-1.21 8.12348367607e-14
-1.2 8.19150767543e-14
-1.19 8.25974417464e-14
-1.18 8.3279124105e-14
-1.17 8.3962283458e-14
-1.16 8.46463687923e-14
-1.15 8.53320127719e-14
-1.14 8.602036571e-14
-1.13 8.67086225648e-14
-1.12 8.74011297275e-14
-1.11 8.80941195725e-14
-1.1 8.87925918601e-14
-1.09 8.94929393057e-14
-1.08 9.01999784782e-14
-1.07 9.09072177293e-14
-1.06 9.16249138794e-14
-1.05 9.2343726572e-14
-1.04 9.30695168978e-14
-1.03 9.37992257175e-14
-1.02 9.45360450134e-14
-1.01 9.52740857994e-14
-1.0 9.60194786862e-14
-0.99 9.67680995907e-14
-0.98 9.75189274871e-14
-0.97 9.82727063479e-14
-0.96 9.90269616374e-14
-0.95 9.97834534024e-14
-0.94 1.00540147287e-13
-0.93 1.01293386354e-13
-0.92 1.02044978963e-13
-0.91 1.02793298866e-13
-0.9 1.03540563474e-13
-0.89 1.04280553767e-13
-0.88 1.05019631903e-13
-0.87 1.057518113e-13
-0.86 1.06480182012e-13
-0.85 1.07203224205e-13
-0.84 1.07925116591e-13
-0.83 1.08640722733e-13
-0.82 1.09357221813e-13
-0.81 1.10070482933e-13
-0.8 1.10780804023e-13
-0.79 1.11491221357e-13
-0.78 1.1220391279e-13
-0.77 1.12918385571e-13
-0.76 1.13635219499e-13
-0.75 1.14351738558e-13
-0.74 1.15075409418e-13
-0.73 1.15799725614e-13
-0.72 1.16529653703e-13
-0.71 1.17260692853e-13
-0.7 1.17995130815e-13
-0.69 1.18728015646e-13
-0.68 1.19464029367e-13
-0.67 1.20198588872e-13
-0.66 1.20931394375e-13
-0.65 1.21658333172e-13
-0.64 1.22383857534e-13
-0.63 1.23099558562e-13
-0.62 1.23808757709e-13
-0.61 1.24506736351e-13
-0.6 1.2519557148e-13
-0.59 1.25871842842e-13
-0.58 1.26539840239e-13
-0.57 1.27190035721e-13
-0.56 1.27830039163e-13
-0.55 1.28455853929e-13
-0.54 1.29071285179e-13
-0.53 1.2967196432e-13
-0.52 1.30265833493e-13
-0.51 1.30847695502e-13
-0.5 1.31423387444e-13
-0.49 1.31990099286e-13
-0.48 1.32553235199e-13
-0.47 1.33109394263e-13
-0.46 1.33664516454e-13
-0.45 1.3421524675e-13
-0.44 1.34765249535e-13
-0.43 1.3531195718e-13
-0.42 1.35862024391e-13
-0.41 1.36405322367e-13
-0.4 1.36949809147e-13
-0.39 1.37490939324e-13
-0.38 1.38028658163e-13
-0.37 1.38559716198e-13
-0.36 1.3908217824e-13
-0.35 1.39597920727e-13
-0.34 1.40102143414e-13
-0.33 1.40594908567e-13
-0.32 1.41072141311e-13
-0.31 1.41531892699e-13
-0.3 1.41975952192e-13
-0.29 1.42399006899e-13
-0.28 1.42804321724e-13
-0.27 1.43186513718e-13
-0.26 1.43554665438e-13
-0.25 1.43893667487e-13
-0.24 1.44216640687e-13
-0.23 1.44520754899e-13
-0.22 1.44807222399e-13
-0.21 1.45072790378e-13
-0.2 1.45325650376e-13
-0.19 1.45565033452e-13
-0.18 1.45788178453e-13
-0.17 1.46003712354e-13
-0.16 1.46210215782e-13
-0.15 1.46406382804e-13
-0.14 1.4659825941e-13
-0.13 1.46781422135e-13
-0.12 1.46959480906e-13
-0.11 1.47131067951e-13
-0.1 1.47297745451e-13
-0.0900000000001 1.47455604337e-13
-0.0800000000001 1.47610066652e-13
-0.0700000000001 1.47751992238e-13
-0.0600000000001 1.47884133122e-13
-0.0500000000001 1.48005209696e-13
-0.0400000000001 1.48113618755e-13
-0.0300000000001 1.48204783365e-13
-0.0200000000001 1.48281525508e-13
-0.0100000000001 1.48336590461e-13
0.0 1.48376304815e-13
0.00999999999994 1.48390645546e-13
0.0199999999999 1.48384307714e-13
0.0299999999999 1.48355705557e-13
0.0399999999999 1.48304678687e-13
0.0499999999999 1.48232513009e-13
0.0599999999999 1.4813529449e-13
0.0699999999999 1.48015423579e-13
0.0799999999999 1.47880334815e-13
0.0899999999999 1.47721433839e-13
0.0999999999999 1.47549001269e-13
0.11 1.473564011e-13
0.12 1.4715028434e-13
0.13 1.46929752724e-13
0.14 1.46696546478e-13
0.15 1.46455345833e-13
0.16 1.46207443417e-13
0.17 1.4594870183e-13
0.18 1.45685703383e-13
0.19 1.45410966191e-13
0.2 1.45134272992e-13
0.21 1.44849484219e-13
0.22 1.44560692215e-13
0.23 1.44260308991e-13
0.24 1.43954979054e-13
0.25 1.4363871028e-13
0.26 1.43313156503e-13
0.27 1.42974018619e-13
0.28 1.42625967495e-13
0.29 1.42262363586e-13
0.3 1.41883116376e-13
0.31 1.41487865333e-13
0.32 1.41079048885e-13
0.33 1.40650699836e-13
0.34 1.4020752341e-13
0.35 1.39743282055e-13
0.36 1.39266520299e-13
0.37 1.38770896364e-13
0.38 1.38262353145e-13
0.39 1.3773449658e-13
0.4 1.3719677658e-13
0.41 1.36644459467e-13
0.42 1.36082796896e-13
0.43 1.35510134212e-13
0.44 1.34927107685e-13
0.45 1.34338624065e-13
0.46 1.33743573719e-13
0.47 1.3314223954e-13
0.48 1.32540164347e-13
0.49 1.31932021528e-13
0.5 1.31322972801e-13
0.51 1.30707584318e-13
0.52 1.30094484216e-13
0.53 1.29476398749e-13
0.54 1.28857198268e-13
0.55 1.28233030099e-13
0.56 1.27606945247e-13
0.57 1.26977670547e-13
0.58 1.26342844114e-13
0.59 1.25702993842e-13
0.6 1.25057469803e-13
0.61 1.24404051316e-13
0.62 1.23744644815e-13
0.63 1.23076440895e-13
0.64 1.22401648625e-13
0.65 1.21717759805e-13
0.66 1.21026919136e-13
0.67 1.20326104879e-13
0.68 1.19620244039e-13
0.69 1.18905281499e-13
0.7 1.18183956871e-13
0.71 1.17455745177e-13
0.72 1.16723063772e-13
0.73 1.15983192256e-13
0.74 1.15243609671e-13
0.75 1.14497385629e-13
0.76 1.13751596681e-13
0.77 1.13002230426e-13
0.78 1.1225305481e-13
0.79 1.11503217262e-13
0.8 1.10757411362e-13
0.81 1.10010949526e-13
0.82 1.0926663912e-13
0.83 1.08524499441e-13
0.84 1.07786682678e-13
0.85 1.07050154497e-13
0.86 1.06316737079e-13
0.87 1.05583713951e-13
0.88 1.04854641414e-13
0.89 1.04127776953e-13
0.9 1.03402481003e-13
0.91 1.02677947051e-13
0.92 1.01954563553e-13
0.93 1.01230269986e-13
0.94 1.00506461169e-13
0.95 9.97814068419e-14
0.96 9.90566532647e-14
0.97 9.83286005116e-14
0.98 9.76015918567e-14
0.99 9.6871133611e-14
1.0 9.61418487704e-14
1.01 9.54087696114e-14
1.02 9.46743404444e-14
1.03 9.39388708699e-14
1.04 9.32059596618e-14
1.05 9.24696030589e-14
1.06 9.17369342821e-14
1.07 9.10016102308e-14
1.08 9.02696119216e-14
1.09 8.95394185132e-14
1.1 8.88123612293e-14
1.11 8.80881726073e-14
1.12 8.73691485232e-14
1.13 8.66551095835e-14
1.14 8.59445280902e-14
1.15 8.52394787309e-14
1.16 8.45420533835e-14
1.17 8.38484485915e-14
1.18 8.31619130545e-14
1.19 8.24789624109e-14
1.2 8.18046887839e-14
1.21 8.11337143136e-14
1.22 8.04688391552e-14
1.23 7.98072414675e-14
1.24 7.91514441091e-14
1.25 7.84980779386e-14
1.26 7.78487314892e-14
1.27 7.72014263604e-14
1.28 7.65579680193e-14
1.29 7.59145693426e-14
1.3 7.52723546209e-14
1.31 7.46317297561e-14
1.32 7.39932456313e-14
1.33 7.33543193904e-14
1.34 7.27168374007e-14
1.35 7.20800425929e-14
1.36 7.14456650594e-14
1.37 7.08115313302e-14
1.38 7.01806840535e-14
1.39 6.95510975657e-14
1.4 6.89253100315e-14
1.41 6.83027873157e-14
1.42 6.76836918153e-14
1.43 6.70686532435e-14
1.44 6.64610962139e-14
1.45 6.58589169856e-14
1.46 6.52621425718e-14
1.47 6.46712093422e-14
1.48 6.40882660683e-14
1.49 6.35108497455e-14
1.5 6.29402314726e-14
1.51 6.2376735565e-14
1.52 6.18204745251e-14
1.53 6.1269801385e-14
1.54 6.07250428951e-14
1.55 6.01857111669e-14
1.56 5.96513353488e-14
1.57 5.91205330517e-14
1.58 5.85944662521e-14
1.59 5.80698397862e-14
1.6 5.7550667946e-14
1.61 5.70327699381e-14
1.62 5.65158371073e-14
1.63 5.60014969778e-14
1.64 5.54889559037e-14
1.65 5.49765799196e-14
1.66 5.44664726734e-14
1.67 5.39568211896e-14
1.68 5.34503064909e-14
1.69 5.29440255652e-14
1.7 5.24416167154e-14
1.71 5.19419557653e-14
1.72 5.14444757449e-14
1.73 5.09513471263e-14
1.74 5.04621729087e-14
1.75 4.99773269035e-14
1.76 4.94985463082e-14
1.77 4.90246313222e-14
1.78 4.85572872844e-14
1.79 4.80948392204e-14
1.8 4.76393835691e-14
1.81 4.71898652748e-14
1.82 4.67466151392e-14
1.83 4.63093780766e-14
1.84 4.58776188597e-14
1.85 4.54512562879e-14
1.86 4.50301682692e-14
1.87 4.46135491892e-14
1.88 4.42013904859e-14
1.89 4.37917177441e-14
1.9 4.33859156199e-14
1.91 4.29826281802e-14
1.92 4.25823849067e-14
1.93 4.21834824413e-14
1.94 4.1786178557e-14
1.95 4.13909898756e-14
1.96 4.09972405766e-14
1.97 4.06048524216e-14
1.98 4.021366291e-14
1.99 3.98242326284e-14
2.0 3.94372681046e-14
2.01 3.90510271022e-14
2.02 3.86681941036e-14
2.03 3.82876699962e-14
2.04 3.79104626711e-14
2.05 3.75361656334e-14
2.06 3.7165914393e-14
2.07 3.67996365303e-14
2.08 3.64379801963e-14
2.09 3.60801712688e-14
2.1 3.57286169971e-14
2.11 3.53801488566e-14
2.12 3.50372644718e-14
2.13 3.46988479926e-14
2.14 3.43654207469e-14
2.15 3.40357492365e-14
2.16 3.37115954523e-14
2.17 3.33899985764e-14
2.18 3.30732558549e-14
2.19 3.27583581958e-14
2.2 3.2447688249e-14
2.21 3.21400861496e-14
2.22 3.18342907182e-14
2.23 3.15306989705e-14
2.24 3.12286745576e-14
2.25 3.09293686708e-14
2.26 3.06312384654e-14
2.27 3.0334236429e-14
2.28 3.00391171229e-14
2.29 2.97456957453e-14
2.3 2.94542408611e-14
2.31 2.91634619896e-14
2.32 2.88749421934e-14
2.33 2.85887079665e-14
2.34 2.83054204261e-14
2.35 2.80231717864e-14
2.36 2.77447215035e-14
2.37 2.74681815479e-14
2.38 2.71948363465e-14
2.39 2.69246454846e-14
2.4 2.66583801591e-14
2.41 2.63941407082e-14
2.42 2.61341246387e-14
2.43 2.58770235166e-14
2.44 2.56237213295e-14
2.45 2.53727768821e-14
2.46 2.51254802707e-14
2.47 2.48809696305e-14
2.48 2.46396593904e-14
2.49 2.44007057561e-14
2.5 2.41648144614e-14
2.51 2.39305983531e-14
2.52 2.36988011931e-14
2.53 2.34695285127e-14
2.54 2.32422751426e-14
2.55 2.30159081848e-14
2.56 2.27918538642e-14
2.57 2.25694135735e-14
2.58 2.2348832515e-14
2.59 2.21286015716e-14
2.6 2.1911144233e-14
2.61 2.16946048659e-14
2.62 2.14803042172e-14
2.63 2.12668897976e-14
2.64 2.10558791176e-14
2.65 2.08470724891e-14
2.66 2.06400236679e-14
2.67 2.04340729396e-14
2.68 2.02311996323e-14
2.69 2.00299523093e-14
2.7 1.98306087699e-14
2.71 1.96338391026e-14
2.72 1.94384884427e-14
2.73 1.92462666938e-14
2.74 1.90557009577e-14
2.75 1.88674581863e-14
2.76 1.86811287669e-14
2.77 1.84973522061e-14
2.78 1.83148781005e-14
2.79 1.81351768342e-14
2.8 1.79568307393e-14
2.81 1.77802681111e-14
2.82 1.76057376822e-14
2.83 1.74321425764e-14
2.84 1.72610784465e-14
2.85 1.70908181025e-14
2.86 1.69224794816e-14
2.87 1.67557503065e-14
2.88 1.65904280742e-14
2.89 1.6426871549e-14
2.9 1.62646757221e-14
2.91 1.61039672752e-14
2.92 1.59446750531e-14
2.93 1.57868278697e-14
2.94 1.56310474858e-14
2.95 1.54760539904e-14
2.96 1.53228824663e-14
2.97 1.51709689495e-14
2.98 1.50208725157e-14
2.99 1.48724730645e-14
3.0 1.47248269418e-14
3.01 1.45793274058e-14
3.02 1.4434617219e-14
3.03 1.42915008439e-14
3.04 1.41496766377e-14
3.05 1.40097442612e-14
3.06 1.38706708186e-14
3.07 1.37331458166e-14
3.08 1.35967142586e-14
3.09 1.34620346251e-14
3.1 1.33283384644e-14
3.11 1.31960192026e-14
3.12 1.306473408e-14
3.13 1.29350177995e-14
3.14 1.28057785495e-14
3.15 1.26782053214e-14
3.16 1.25520606141e-14
3.17 1.24269294071e-14
3.18 1.23033283357e-14
3.19 1.21809740803e-14
3.2 1.20600517059e-14
3.21 1.19405104837e-14
3.22 1.18222746566e-14
3.23 1.17051978658e-14
3.24 1.15895565058e-14
3.25 1.14749471265e-14
3.26 1.13619306426e-14
3.27 1.12496441836e-14
3.28 1.11389088299e-14
3.29 1.10291173869e-14
3.3 1.09203631359e-14
3.31 1.08127438075e-14
3.32 1.07067382873e-14
3.33 1.06011898318e-14
3.34 1.04967334693e-14
3.35 1.03929055355e-14
3.36 1.02900926229e-14
3.37 1.01881832437e-14
3.38 1.00869721045e-14
3.39 9.98649549473e-15
3.4 9.88710671452e-15
3.41 9.78828858135e-15
3.42 9.68996580275e-15
3.43 9.59263298194e-15
3.44 9.4963297014e-15
3.45 9.40100833e-15
3.46 9.3064922144e-15
3.47 9.21292097648e-15
3.48 9.12061649801e-15
3.49 9.02905156033e-15
3.5 8.93899127176e-15
3.51 8.84969285838e-15
3.52 8.76136089357e-15
3.53 8.67415812706e-15
3.54 8.58833961038e-15
3.55 8.50326892053e-15
3.56 8.41947277208e-15
3.57 8.33638552942e-15
3.58 8.25426586187e-15
3.59 8.17328106824e-15
3.6 8.09301499307e-15
3.61 8.01374537431e-15
3.62 7.93604207809e-15
3.63 7.85836947963e-15
3.64 7.78160814879e-15
3.65 7.70517638417e-15
3.66 7.62944206708e-15
3.67 7.55417378408e-15
3.68 7.47936276366e-15
3.69 7.40493647763e-15
3.7 7.33101679594e-15
3.71 7.25772078142e-15
3.72 7.18478597104e-15
3.73 7.11246459259e-15
3.74 7.04081575095e-15
3.75 6.96991789364e-15
3.76 6.89961728942e-15
3.77 6.83016772001e-15
3.78 6.7617632616e-15
3.79 6.69202282619e-15
3.8 6.62592482716e-15
3.81 6.55700918412e-15
3.82 6.49072144567e-15
3.83 6.42557964036e-15
3.84 6.3612964921e-15
3.85 6.29811262761e-15
3.86 6.23561457447e-15
3.87 6.17441747068e-15
3.88 6.11336152682e-15
3.89 6.05443305297e-15
3.9 5.99536765051e-15
3.91 5.93696747908e-15
3.92 5.87924571339e-15
3.93 5.82149431223e-15
3.94 5.76477555199e-15
3.95 5.71008751872e-15
3.96 5.65228936749e-15
3.97 5.59899427519e-15
3.98 5.54361930004e-15
3.99 5.48873979759e-15
4.0 5.43434182482e-15
4.01 5.38008017917e-15
4.02 5.32649510605e-15
4.03 5.27256621286e-15
4.04 5.21968263086e-15
4.05 5.1665420519e-15
4.06 5.11444441784e-15
4.07 5.0628449717e-15
4.08 5.01216326733e-15
4.09 4.96014422217e-15
4.1 4.91065025796e-15
4.11 4.85902603391e-15
4.12 4.81206055575e-15
4.13 4.76364458134e-15
4.14 4.71347584162e-15
4.15 4.66628992118e-15
4.16 4.61977830478e-15
4.17 4.57436637077e-15
4.18 4.52893187973e-15
4.19 4.48513023845e-15
4.2 4.44161449443e-15
4.21 4.39887803836e-15
4.22 4.35578259282e-15
4.23 4.31271482594e-15
4.24 4.27083302483e-15
4.25 4.23050352393e-15
4.26 4.18655238661e-15
4.27 4.14749043379e-15
4.28 4.10499962373e-15
4.29 4.06446483709e-15
4.3 4.0271270224e-15
4.31 3.98717424567e-15
4.32 3.9477290408e-15
4.33 3.90792833278e-15
4.34 3.86892722959e-15
4.35 3.82946301429e-15
4.36 3.79162049303e-15
4.37 3.75243991739e-15
4.38 3.71362956071e-15
4.39 3.67661273883e-15
4.4 3.63910615236e-15
4.41 3.60050051676e-15
4.42 3.56601350078e-15
4.43 3.52771147454e-15
4.44 3.49461931007e-15
4.45 3.45960516476e-15
4.46 3.42281322128e-15
4.47 3.38905961662e-15
4.48 3.35546370124e-15
4.49 3.32267652508e-15
4.5 3.28964236877e-15
4.51 3.25793632638e-15
4.52 3.22565479276e-15
4.53 3.19482004471e-15
4.54 3.16322584492e-15
4.55 3.131268585e-15
4.56 3.09982722366e-15
4.57 3.07128962969e-15
4.58 3.03984289252e-15
4.59 3.01255016466e-15
4.6 2.98030868251e-15
4.61 2.95096608302e-15
4.62 2.9245134744e-15
4.63 2.89520488288e-15
4.64 2.86667545403e-15
4.65 2.83731325964e-15
4.66 2.80938364534e-15
4.67 2.78002205562e-15
4.68 2.75117525741e-15
4.69 2.72243498511e-15
4.7 2.6951312413e-15
4.71 2.66900331604e-15
4.72 2.64186221888e-15
4.73 2.6132064666e-15
4.74 2.59036535841e-15
4.75 2.56192431712e-15
4.76 2.53856887637e-15
4.77 2.51315315746e-15
4.78 2.48512204964e-15
4.79 2.46025998374e-15
4.8 2.43577871785e-15
4.81 2.41170604772e-15
4.82 2.38804285575e-15
4.83 2.36469901618e-15
4.84 2.34076947097e-15
4.85 2.31821963076e-15
4.86 2.29702373772e-15
4.87 2.27484039559e-15
4.88 2.25244238964e-15
4.89 2.23119750177e-15
4.9 2.20829894689e-15
4.91 2.18799672009e-15
4.92 2.16480885294e-15
4.93 2.14334717931e-15
4.94 2.12373703244e-15
4.95 2.10233588329e-15
4.96 2.08088873842e-15
4.97 2.06000578096e-15
4.98 2.03924378731e-15
4.99 2.0186183737e-15
5.0 1.99819473779e-15
