-5.0 6.14322248288e-09
-4.99 6.33029403246e-09
-4.98 6.52306194664e-09
-4.97 6.7216996685e-09
-4.96 6.92638591795e-09
-4.95 7.13730485212e-09
-4.94 7.35464623069e-09
-4.93 7.57860558626e-09
-4.92 7.80938440021e-09
-4.91 8.04719028392e-09
-4.9 8.29223716586e-09
-4.89 8.5447454841e-09
-4.88 8.80494238517e-09
-4.87 9.07306192861e-09
-4.86 9.34934529831e-09
-4.85 9.63404101974e-09
-4.84 9.92740518434e-09
-4.83 1.02297016801e-08
-4.82 1.05412024295e-08
-4.81 1.08621876349e-08
-4.8 1.11929460299e-08
-4.79 1.15337751404e-08
-4.78 1.1884981551e-08
-4.77 1.22468811814e-08
-4.76 1.26197995699e-08
-4.75 1.30040721658e-08
-4.74 1.340004463e-08
-4.73 1.38080731456e-08
-4.72 1.42285247369e-08
-4.71 1.46617775984e-08
-4.7 1.51082214339e-08
-4.69 1.55682578054e-08
-4.68 1.60423004933e-08
-4.67 1.65307758672e-08
-4.66 1.70341232676e-08
-4.65 1.75527954004e-08
-4.64 1.8087258743e-08
-4.63 1.8637993962e-08
-4.62 1.92054963456e-08
-4.61 1.97902762478e-08
-4.6 2.03928595467e-08
-4.59 2.10137881176e-08
-4.58 2.16536203194e-08
-4.57 2.23129314968e-08
-4.56 2.29923144978e-08
-4.55 2.36923802065e-08
-4.54 2.44137580929e-08
-4.53 2.51570967784e-08
-4.52 2.59230646194e-08
-4.51 2.67123503081e-08
-4.5 2.75256634913e-08
-4.49 2.83637354081e-08
-4.48 2.92273195469e-08
-4.47 3.01171923214e-08
-4.46 3.10341537684e-08
-4.45 3.19790282645e-08
-4.44 3.29526652665e-08
-4.43 3.39559400721e-08
-4.42 3.49897546054e-08
-4.41 3.60550382243e-08
-4.4 3.71527485533e-08
-4.39 3.82838723415e-08
-4.38 3.94494263464e-08
-4.37 4.0650458244e-08
-4.36 4.18880475674e-08
-4.35 4.31633066735e-08
-4.34 4.44773817393e-08
-4.33 4.58314537886e-08
-4.32 4.72267397497e-08
-4.31 4.86644935462e-08
-4.3 5.01460072202e-08
-4.29 5.16726120902e-08
-4.28 5.32456799447e-08
-4.27 5.48666242718e-08
-4.26 5.65369015259e-08
-4.25 5.82580124343e-08
-4.24 6.00315033417e-08
-4.23 6.18589675969e-08
-4.22 6.37420469815e-08
-4.21 6.56824331804e-08
-4.2 6.76818692992e-08
-4.19 6.97421514247e-08
-4.18 7.18651302348e-08
-4.17 7.40527126555e-08
-4.16 7.63068635681e-08
-4.15 7.86296075685e-08
-4.14 8.10230307785e-08
-4.13 8.34892827121e-08
-4.12 8.60305781978e-08
-4.11 8.86491993592e-08
-4.1 9.13474976546e-08
-4.09 9.41278959789e-08
-4.08 9.69928908281e-08
-4.07 9.99450545296e-08
-4.06 1.0298703754e-07
-4.05 1.06121570813e-07
-4.04 1.09351468237e-07
-4.03 1.12679629148e-07
-4.02 1.16109040918e-07
-4.01 1.19642781625e-07
-4.0 1.23284022799e-07
-3.99 1.27036032252e-07
-3.98 1.30902176998e-07
-3.97 1.34885926259e-07
-3.96 1.38990854559e-07
-3.95 1.43220644918e-07
-3.94 1.47579092137e-07
-3.93 1.52070106183e-07
-3.92 1.56697715684e-07
-3.91 1.61466071515e-07
-3.9 1.66379450507e-07
-3.89 1.71442259256e-07
-3.88 1.76659038056e-07
-3.87 1.82034464945e-07
-3.86 1.87573359869e-07
-3.85 1.93280688984e-07
-3.84 1.99161569071e-07
-3.83 2.05221272096e-07
-3.82 2.11465229901e-07
-3.81 2.17899039036e-07
-3.8 2.2452846574e-07
-3.79 2.31359451062e-07
-3.78 2.38398116152e-07
-3.77 2.45650767689e-07
-3.76 2.53123903494e-07
-3.75 2.60824218296e-07
-3.74 2.68758609678e-07
-3.73 2.769341842e-07
-3.72 2.85358263707e-07
-3.71 2.94038391823e-07
-3.7 3.02982340647e-07
-3.69 3.12198117643e-07
-3.68 3.21693972742e-07
-3.67 3.31478405653e-07
-3.66 3.41560173399e-07
-3.65 3.51948298075e-07
-3.64 3.62652074836e-07
-3.63 3.73681080136e-07
-3.62 3.85045180199e-07
-3.61 3.96754539754e-07
-3.6 4.08819631027e-07
-3.59 4.21251243004e-07
-3.58 4.34060490967e-07
-3.57 4.4725882632e-07
-3.56 4.60858046702e-07
-3.55 4.74870306408e-07
-3.54 4.89308127111e-07
-3.53 5.04184408918e-07
-3.52 5.19512441736e-07
-3.51 5.35305916992e-07
-3.5 5.51578939695e-07
-3.49 5.68346040853e-07
-3.48 5.85622190266e-07
-3.47 6.03422809694e-07
-3.46 6.21763786418e-07
-3.45 6.40661487198e-07
-3.44 6.60132772658e-07
-3.43 6.80195012084e-07
-3.42 7.00866098664e-07
-3.41 7.22164465191e-07
-3.4 7.44109100214e-07
-3.39 7.66719564679e-07
-3.38 7.90016009061e-07
-3.37 8.14019191001e-07
-3.36 8.38750493465e-07
-3.35 8.6423194344e-07
-3.34 8.90486231187e-07
-3.33 9.17536730051e-07
-3.32 9.45407516867e-07
-3.31 9.74123392964e-07
-3.3 1.00370990578e-06
-3.29 1.03419337113e-06
-3.28 1.0656008961e-06
-3.27 1.09796040266e-06
-3.26 1.13130065189e-06
-3.25 1.16565126904e-06
-3.24 1.20104276917e-06
-3.23 1.23750658369e-06
-3.22 1.27507508754e-06
-3.21 1.31378162729e-06
-3.2 1.35366054997e-06
-3.19 1.39474723275e-06
-3.18 1.43707811354e-06
-3.17 1.48069072241e-06
-3.16 1.52562371398e-06
-3.15 1.57191690072e-06
-3.14 1.61961128722e-06
-3.13 1.66874910545e-06
-3.12 1.71937385105e-06
-3.11 1.77153032069e-06
-3.1 1.82526465045e-06
-3.09 1.88062435537e-06
-3.08 1.93765837013e-06
-3.07 1.99641709084e-06
-3.06 2.05695241815e-06
-3.05 2.11931780147e-06
-3.04 2.18356828455e-06
-3.03 2.24976055237e-06
-3.02 2.31795297928e-06
-3.01 2.38820567861e-06
-3.0 2.46058055369e-06
-2.99 2.53514135026e-06
-2.98 2.61195371044e-06
-2.97 2.69108522821e-06
-2.96 2.77260550643e-06
-2.95 2.85658621554e-06
-2.94 2.94310115389e-06
-2.93 3.03222630976e-06
-2.92 3.12403992513e-06
-2.91 3.21862256128e-06
-2.9 3.31605716619e-06
-2.89 3.41642914385e-06
-2.88 3.51982642552e-06
-2.87 3.62633954294e-06
-2.86 3.73606170363e-06
-2.85 3.84908886827e-06
-2.84 3.9655198302e-06
-2.83 4.08545629718e-06
-2.82 4.20900297532e-06
-2.81 4.33626765546e-06
-2.8 4.4673613018e-06
-2.79 4.60239814305e-06
-2.78 4.74149576603e-06
-2.77 4.88477521187e-06
-2.76 5.0323610748e-06
-2.75 5.18438160368e-06
-2.74 5.34096880621e-06
-2.73 5.50225855604e-06
-2.72 5.66839070276e-06
-2.71 5.83950918476e-06
-2.7 6.01576214528e-06
-2.69 6.19730205146e-06
-2.68 6.38428581654e-06
-2.67 6.57687492546e-06
-2.66 6.7752355636e-06
-2.65 6.97953874912e-06
-2.64 7.18996046858e-06
-2.63 7.40668181633e-06
-2.62 7.62988913739e-06
-2.61 7.8597741741e-06
-2.6 8.09653421665e-06
-2.59 8.34037225737e-06
-2.58 8.59149714911e-06
-2.57 8.85012376761e-06
-2.56 9.11647317809e-06
-2.55 9.390772806e-06
-2.54 9.6732566121e-06
-2.53 9.96416527208e-06
-2.52 1.02637463605e-05
-2.51 1.05722545394e-05
-2.5 1.08899517517e-05
-2.49 1.12171074193e-05
-2.48 1.15539986459e-05
-2.47 1.19009104249e-05
-2.46 1.22581358528e-05
-2.45 1.26259763466e-05
-2.44 1.3004741868e-05
-2.43 1.33947511513e-05
-2.42 1.37963319383e-05
-2.41 1.42098212173e-05
-2.4 1.46355654687e-05
-2.39 1.5073920916e-05
-2.38 1.55252537823e-05
-2.37 1.59899405531e-05
-2.36 1.6468368245e-05
-2.35 1.696093468e-05
-2.34 1.74680487666e-05
-2.33 1.79901307865e-05
-2.32 1.85276126883e-05
-2.31 1.90809383866e-05
-2.3 1.96505640684e-05
-2.29 2.02369585057e-05
-2.28 2.08406033744e-05
-2.27 2.14619935805e-05
-2.26 2.21016375923e-05
-2.25 2.27600577799e-05
-2.24 2.34377907608e-05
-2.23 2.41353877534e-05
-2.22 2.48534149363e-05
-2.21 2.55924538153e-05
-2.2 2.63531015969e-05
-2.19 2.71359715691e-05
-2.18 2.79416934886e-05
-2.17 2.87709139755e-05
-2.16 2.96242969152e-05
-2.15 3.05025238661e-05
-2.14 3.14062944758e-05
-2.13 3.23363269027e-05
-2.12 3.32933582454e-05
-2.11 3.42781449785e-05
-2.1 3.52914633953e-05
-2.09 3.63341100567e-05
-2.08 3.74069022471e-05
-2.07 3.85106784364e-05
-2.06 3.96462987482e-05
-2.05 4.08146454345e-05
-2.04 4.20166233556e-05
-2.03 4.32531604666e-05
-2.02 4.45252083086e-05
-2.01 4.58337425058e-05
-2.0 4.71797632672e-05
-1.99 4.85642958935e-05
-1.98 4.99883912879e-05
-1.97 5.14531264714e-05
-1.96 5.29596051015e-05
-1.95 5.45089579951e-05
-1.94 5.61023436529e-05
-1.93 5.77409487877e-05
-1.92 5.94259888536e-05
-1.91 6.11587085778e-05
-1.9 6.29403824922e-05
-1.89 6.47723154658e-05
-1.88 6.66558432372e-05
-1.87 6.85923329454e-05
-1.86 7.05831836593e-05
-1.85 7.26298269047e-05
-1.84 7.4733727188e-05
-1.83 7.68963825156e-05
-1.82 7.91193249086e-05
-1.81 8.14041209111e-05
-1.8 8.37523720915e-05
-1.79 8.61657155362e-05
-1.78 8.86458243335e-05
-1.77 9.11944080473e-05
-1.76 9.38132131788e-05
-1.75 9.65040236158e-05
-1.74 9.92686610673e-05
-1.73 0.000102108985482
-1.72 0.000105026895448
-1.71 0.000108024328581
-1.7 0.000111103261876
-1.69 0.000114265712057
-1.68 0.000117513735885
-1.67 0.000120849430449
-1.66 0.000124274933428
-1.65 0.00012779242332
-1.64 0.000131404119638
-1.63 0.00013511228308
-1.62 0.000138919215647
-1.61 0.000142827260738
-1.6 0.000146838803187
-1.59 0.000150956269272
-1.58 0.00015518212666
-1.57 0.000159518884319
-1.56 0.000163969092358
-1.55 0.00016853534183
-1.54 0.000173220264462
-1.53 0.000178026532331
-1.52 0.000182956857467
-1.51 0.000188013991398
-1.5 0.000193200724607
-1.49 0.000198519885931
-1.48 0.000203974341867
-1.47 0.000209566995795
-1.46 0.000215300787127
-1.45 0.000221178690347
-1.44 0.000227203713969
-1.43 0.000233378899389
-1.42 0.000239707319636
-1.41 0.000246192078015
-1.4 0.00025283630664
-1.39 0.000259643164845
-1.38 0.000266615837482
-1.37 0.000273757533087
-1.36 0.000281071481922
-1.35 0.000288560933878
-1.34 0.000296229156243
-1.33 0.000304079431328
-1.32 0.000312115053938
-1.31 0.000320339328702
-1.3 0.000328755567236
-1.29 0.000337367085152
-1.28 0.0003461771989
-1.27 0.000355189222439
-1.26 0.000364406463734
-1.25 0.000373832221082
-1.24 0.000383469779244
-1.23 0.000393322405403
-1.22 0.000403393344929
-1.21 0.000413685816951
-1.2 0.000424203009731
-1.19 0.00043494807585
-1.18 0.000445924127178
-1.17 0.000457134229653
-1.16 0.00046858139785
-1.15 0.000480268589343
-1.14 0.000492198698858
-1.13 0.00050437455222
-1.12 0.000516798900089
-1.11 0.000529474411486
-1.1 0.000542403667113
-1.09 0.00055558915246
-1.08 0.000569033250717
-1.07 0.000582738235469
-1.06 0.000596706263204
-1.05 0.000610939365617
-1.04 0.000625439441724
-1.03 0.000640208249788
-1.02 0.000655247399072
-1.01 0.000670558341406
-1.0 0.000686142362602
-0.99 0.000702000573699
-0.98 0.000718133902074
-0.97 0.000734543082403
-0.96 0.000751228647508
-0.95 0.000768190919089
-0.94 0.000785429998351
-0.93 0.000802945756557
-0.92 0.000820737825507
-0.91 0.000838805587969
-0.9 0.000857148168078
-0.89 0.000875764421721
-0.88 0.000894652926931
-0.87 0.000913811974307
-0.86 0.000933239557493
-0.85 0.00095293336373
-0.84 0.000972890764505
-0.83 0.000993108806339
-0.82 0.00101358420172
-0.81 0.00103431332023
-0.8 0.00105529217988
-0.79 0.00107651643868
-0.78 0.00109798138652
-0.77 0.0011196819373
-0.76 0.0011416126215
-0.75 0.00116376757899
-0.74 0.00118614055237
-0.73 0.00120872488074
-0.72 0.00123151349386
-0.71 0.00125449890695
-0.7 0.00127767321598
-0.69 0.00130102809356
-0.68 0.00132455478546
-0.67 0.00134824410783
-0.66 0.00137208644509
-0.65 0.00139607174854
-0.64 0.00142018953582
-0.63 0.0014444288911
-0.62 0.00146877846616
-0.61 0.00149322648234
-0.6 0.0015177607334
-0.59 0.00154236858933
-0.58 0.00156703700108
-0.57 0.00159175250637
-0.56 0.00161650123644
-0.55 0.00164126892389
-0.54 0.00166604091159
-0.53 0.00169080216262
-0.52 0.00171553727135
-0.51 0.00174023047565
-0.5 0.00176486567013
-0.49 0.0017894264206
-0.48 0.00181389597959
-0.47 0.00183825730303
-0.46 0.001862493068
-0.45 0.00188658569164
-0.44 0.00191051735113
-0.43 0.0019342700047
-0.42 0.00195782541378
-0.41 0.00198116516612
-0.4 0.00200427069989
-0.39 0.00202712332877
-0.38 0.00204970426795
-0.37 0.00207199466101
-0.36 0.00209397560761
-0.35 0.00211562819191
-0.34 0.00213693351184
-0.33 0.00215787270883
-0.32 0.00217842699827
-0.31 0.00219857770046
-0.3 0.00221830627189
-0.29 0.00223759433706
-0.28 0.00225642372043
-0.27 0.00227477647864
-0.26 0.00229263493284
-0.25 0.00230998170101
-0.24 0.00232679973024
-0.23 0.00234307232886
-0.22 0.00235878319825
-0.21 0.00237391646437
-0.2 0.00238845670882
-0.19 0.00240238899933
-0.18 0.00241569891963
-0.17 0.0024283725986
-0.16 0.00244039673859
-0.15 0.00245175864274
-0.14 0.00246244624143
-0.13 0.00247244811749
-0.12 0.0024817535303
-0.11 0.00249035243863
-0.1 0.00249823552203
-0.0900000000001 0.00250539420093
-0.0800000000001 0.00251182065519
-0.0700000000001 0.00251750784102
-0.0600000000001 0.00252244950642
-0.0500000000001 0.00252664020483
-0.0400000000001 0.00253007530711
-0.0300000000001 0.00253275101173
-0.0200000000001 0.00253466435318
-0.0100000000001 0.00253581320853
0.0 0.00253619630215
0.00999999999994 0.0025358132085
0.0199999999999 0.00253466435312
0.0299999999999 0.00253275101164
0.0399999999999 0.002530075307
0.0499999999999 0.0025266402047
0.0599999999999 0.00252244950628
0.0699999999999 0.00251750784086
0.0799999999999 0.00251182065503
0.0899999999999 0.00250539420077
0.0999999999999 0.00249823552188
0.11 0.00249035243849
0.12 0.00248175353018
0.13 0.00247244811739
0.14 0.00246244624135
0.15 0.00245175864269
0.16 0.00244039673857
0.17 0.00242837259861
0.18 0.00241569891966
0.19 0.00240238899939
0.2 0.0023884567089
0.21 0.00237391646447
0.22 0.00235878319835
0.23 0.00234307232897
0.24 0.00232679973035
0.25 0.00230998170111
0.26 0.00229263493293
0.27 0.00227477647871
0.28 0.00225642372048
0.29 0.00223759433709
0.3 0.00221830627189
0.31 0.00219857770043
0.32 0.00217842699822
0.33 0.00215787270874
0.34 0.00213693351173
0.35 0.00211562819178
0.36 0.00209397560745
0.37 0.00207199466084
0.38 0.00204970426777
0.39 0.00202712332858
0.4 0.0020042706997
0.41 0.00198116516594
0.42 0.00195782541361
0.43 0.00193427000454
0.44 0.00191051735099
0.45 0.00188658569153
0.46 0.00186249306791
0.47 0.00183825730297
0.48 0.00181389597955
0.49 0.00178942642058
0.5 0.00176486567014
0.51 0.00174023047568
0.52 0.0017155372714
0.53 0.00169080216268
0.54 0.00166604091166
0.55 0.00164126892397
0.56 0.00161650123651
0.57 0.00159175250644
0.58 0.00156703700114
0.59 0.00154236858937
0.6 0.00151776073342
0.61 0.00149322648234
0.62 0.00146877846614
0.63 0.00144442889106
0.64 0.00142018953575
0.65 0.00139607174845
0.66 0.00137208644497
0.67 0.0013482441077
0.68 0.00132455478531
0.69 0.0013010280934
0.7 0.00127767321582
0.71 0.00125449890679
0.72 0.0012315134937
0.73 0.00120872488059
0.74 0.00118614055223
0.75 0.00116376757886
0.76 0.00114161262139
0.77 0.00111968193721
0.78 0.00109798138645
0.79 0.00107651643864
0.8 0.00105529217986
0.81 0.00103431332023
0.82 0.00101358420174
0.83 0.000993108806374
0.84 0.000972890764553
0.85 0.000952933363787
0.86 0.000933239557556
0.87 0.000913811974371
0.88 0.000894652926992
0.89 0.000875764421776
0.9 0.000857148168123
0.91 0.000838805588
0.92 0.000820737825521
0.93 0.000802945756554
0.94 0.000785429998329
0.95 0.000768190919047
0.96 0.000751228647448
0.97 0.000734543082324
0.98 0.00071813390198
0.99 0.000702000573593
1.0 0.000686142362485
1.01 0.000670558341283
1.02 0.000655247398946
1.03 0.000640208249663
1.04 0.000625439441603
1.05 0.000610939365504
1.06 0.000596706263102
1.07 0.000582738235381
1.08 0.000569033250645
1.09 0.000555589152405
1.1 0.000542403667076
1.11 0.000529474411468
1.12 0.000516798900088
1.13 0.000504374552235
1.14 0.000492198698887
1.15 0.000480268589385
1.16 0.000468581397901
1.17 0.00045713422971
1.18 0.000445924127237
1.19 0.000434948075909
1.2 0.000424203009786
1.21 0.000413685816999
1.22 0.000403393344968
1.23 0.00039332240543
1.24 0.000383469779257
1.25 0.000373832221081
1.26 0.000364406463718
1.27 0.000355189222408
1.28 0.000346177198855
1.29 0.000337367085094
1.3 0.000328755567166
1.31 0.000320339328624
1.32 0.000312115053854
1.33 0.00030407943124
1.34 0.000296229156154
1.35 0.000288560933791
1.36 0.00028107148184
1.37 0.000273757533012
1.38 0.000266615837417
1.39 0.000259643164791
1.4 0.000252836306599
1.41 0.000246192077988
1.42 0.000239707319622
1.43 0.000233378899389
1.44 0.000227203713982
1.45 0.000221178690372
1.46 0.000215300787162
1.47 0.000209566995838
1.48 0.000203974341915
1.49 0.000198519885983
1.5 0.000193200724659
1.51 0.000188013991447
1.52 0.000182956857513
1.53 0.00017802653237
1.54 0.000173220264493
1.55 0.000168535341851
1.56 0.000163969092368
1.57 0.000159518884318
1.58 0.000155182126648
1.59 0.000150956269248
1.6 0.000146838803153
1.61 0.000142827260695
1.62 0.000138919215597
1.63 0.000135112283023
1.64 0.000131404119578
1.65 0.000127792423257
1.66 0.000124274933367
1.67 0.00012084943039
1.68 0.00011751373583
1.69 0.000114265712009
1.7 0.000111103261836
1.71 0.00010802432855
1.72 0.000105026895427
1.73 0.000102108985471
1.74 9.92686610667e-05
1.75 9.65040236251e-05
1.76 9.38132131971e-05
1.77 9.11944080736e-05
1.78 8.86458243664e-05
1.79 8.6165715574e-05
1.8 8.37523721324e-05
1.81 8.14041209533e-05
1.82 7.91193249502e-05
1.83 7.68963825548e-05
1.84 7.4733727223e-05
1.85 7.26298269341e-05
1.86 7.05831836819e-05
1.87 6.85923329602e-05
1.88 6.66558432437e-05
1.89 6.47723154636e-05
1.9 6.29403824815e-05
1.91 6.1158708559e-05
1.92 5.94259888274e-05
1.93 5.77409487551e-05
1.94 5.61023436153e-05
1.95 5.45089579539e-05
1.96 5.29596050583e-05
1.97 5.14531264276e-05
1.98 4.99883912454e-05
1.99 4.85642958537e-05
2.0 4.71797632315e-05
2.01 4.58337424754e-05
2.02 4.45252082845e-05
2.03 4.32531604495e-05
2.04 4.2016623346e-05
2.05 4.08146454325e-05
2.06 3.96462987536e-05
2.07 3.85106784487e-05
2.08 3.74069022657e-05
2.09 3.63341100806e-05
2.1 3.52914634234e-05
2.11 3.42781450096e-05
2.12 3.3293358278e-05
2.13 3.23363269354e-05
2.14 3.14062945073e-05
2.15 3.05025238951e-05
2.16 2.96242969404e-05
2.17 2.87709139961e-05
2.18 2.79416935036e-05
2.19 2.71359715781e-05
2.2 2.63531015996e-05
2.21 2.55924538115e-05
2.22 2.48534149263e-05
2.23 2.41353877377e-05
2.24 2.34377907401e-05
2.25 2.27600577549e-05
2.26 2.21016375642e-05
2.27 2.14619935503e-05
2.28 2.08406033432e-05
2.29 2.02369584748e-05
2.3 1.9650564039e-05
2.31 1.90809383597e-05
2.32 1.8527612665e-05
2.33 1.79901307675e-05
2.34 1.74680487524e-05
2.35 1.69609346712e-05
2.36 1.64683682417e-05
2.37 1.59899405554e-05
2.38 1.55252537899e-05
2.39 1.50739209284e-05
2.4 1.46355654854e-05
2.41 1.42098212374e-05
2.42 1.3796331961e-05
2.43 1.33947511756e-05
2.44 1.30047418928e-05
2.45 1.26259763709e-05
2.46 1.22581358756e-05
2.47 1.19009104454e-05
2.48 1.15539986633e-05
2.49 1.12171074329e-05
2.5 1.0889951761e-05
2.51 1.05722545441e-05
2.52 1.02637463604e-05
2.53 9.96416526738e-06
2.54 9.673256603e-06
2.55 9.39077279291e-06
2.56 9.1164731616e-06
2.57 8.85012374841e-06
2.58 8.59149712797e-06
2.59 8.34037223516e-06
2.6 8.09653419424e-06
2.61 7.85977415236e-06
2.62 7.62988911714e-06
2.63 7.40668179833e-06
2.64 7.18996045347e-06
2.65 6.97953873742e-06
2.66 6.7752355557e-06
2.67 6.57687492156e-06
2.68 6.38428581672e-06
2.69 6.1973020556e-06
2.7 6.01576215314e-06
2.71 5.83950919592e-06
2.72 5.66839071671e-06
2.73 5.50225857217e-06
2.74 5.34096882381e-06
2.75 5.18438162203e-06
2.76 5.03236109314e-06
2.77 4.88477522946e-06
2.78 4.74149578218e-06
2.79 4.60239815715e-06
2.8 4.46736131331e-06
2.81 4.33626766397e-06
2.82 4.20900298054e-06
2.83 4.08545629895e-06
2.84 3.96551982852e-06
2.85 3.84908886326e-06
2.86 3.73606169554e-06
2.87 3.62633953214e-06
2.88 3.51982641249e-06
2.89 3.41642912914e-06
2.9 3.31605715039e-06
2.91 3.21862254504e-06
2.92 3.12403990909e-06
2.93 3.03222629453e-06
2.94 2.94310114006e-06
2.95 2.85658620361e-06
2.96 2.77260549683e-06
2.97 2.69108522127e-06
2.98 2.61195370638e-06
2.99 2.53514134917e-06
3.0 2.46058055554e-06
3.01 2.38820568327e-06
3.02 2.31795298651e-06
3.03 2.24976056182e-06
3.04 2.18356829581e-06
3.05 2.11931781403e-06
3.06 2.0569524315e-06
3.07 1.99641710444e-06
3.08 1.93765838342e-06
3.09 1.88062436783e-06
3.1 1.8252646616e-06
3.11 1.77153033011e-06
3.12 1.7193738584e-06
3.13 1.66874911047e-06
3.14 1.61961128976e-06
3.15 1.57191690073e-06
3.16 1.52562371149e-06
3.17 1.48069071757e-06
3.18 1.43707810659e-06
3.19 1.394747224e-06
3.2 1.3536605398e-06
3.21 1.31378161612e-06
3.22 1.27507507582e-06
3.23 1.2375065719e-06
3.24 1.20104275778e-06
3.25 1.16565125847e-06
3.26 1.13130064256e-06
3.27 1.09796039489e-06
3.28 1.06560089018e-06
3.29 1.03419336724e-06
3.3 1.00370990404e-06
3.31 9.74123393397e-07
3.32 9.45407519409e-07
3.33 9.17536734557e-07
3.34 8.90486237439e-07
3.35 8.64231951154e-07
3.36 8.38750502304e-07
3.37 8.14019200594e-07
3.38 7.90016019011e-07
3.39 7.66719574585e-07
3.4 7.44109109683e-07
3.41 7.22164473857e-07
3.42 7.00866106199e-07
3.43 6.8019501821e-07
3.44 6.6013277716e-07
3.45 6.40661489929e-07
3.46 6.21763787302e-07
3.47 6.03422808733e-07
3.48 5.85622187532e-07
3.49 5.68346036487e-07
3.5 5.51578933901e-07
3.51 5.35305910025e-07
3.52 5.19512433893e-07
3.53 5.04184400525e-07
3.54 4.89308118509e-07
3.55 4.74870297938e-07
3.56 4.60858038695e-07
3.57 4.47258819082e-07
3.58 4.34060484767e-07
3.59 4.21251238066e-07
3.6 4.08819627519e-07
3.61 3.96754537785e-07
3.62 3.85045179816e-07
3.63 3.73681081322e-07
3.64 3.62652077511e-07
3.65 3.51948302103e-07
3.66 3.41560178595e-07
3.67 3.31478411787e-07
3.68 3.21693979552e-07
3.69 3.12198124847e-07
3.7 3.02982347951e-07
3.71 2.94038398937e-07
3.72 2.85358270352e-07
3.73 2.76934190124e-07
3.74 2.68758614659e-07
3.75 2.60824222156e-07
3.76 2.53123906102e-07
3.77 2.45650768967e-07
3.78 2.38398116074e-07
3.79 2.31359449659e-07
3.8 2.24528463091e-07
3.81 2.17899035271e-07
3.82 2.11465225189e-07
3.83 2.05221266642e-07
3.84 1.99161563104e-07
3.85 1.9328068275e-07
3.86 1.87573353618e-07
3.87 1.82034458923e-07
3.88 1.76659032498e-07
3.89 1.71442254369e-07
3.9 1.66379446472e-07
3.91 1.61466068473e-07
3.92 1.56697713736e-07
3.93 1.52070105383e-07
3.94 1.47579092493e-07
3.95 1.43220646394e-07
3.96 1.38990857074e-07
3.97 1.34885929692e-07
3.98 1.30902181196e-07
3.99 1.27036037033e-07
4.0 1.23284027962e-07
4.01 1.1964278696e-07
4.02 1.16109046209e-07
4.03 1.12679634187e-07
4.04 1.09351472831e-07
4.05 1.06121574789e-07
4.06 1.02987040752e-07
4.07 9.99450568661e-08
4.08 9.6992892214e-08
4.09 9.41278963782e-08
4.1 9.13474970707e-08
4.11 8.86491978344e-08
4.12 8.60305758107e-08
4.13 8.34892795737e-08
4.14 8.10230270275e-08
4.15 7.86296033647e-08
4.16 7.63068590862e-08
4.17 7.40527080778e-08
4.18 7.18651257437e-08
4.19 6.97421471956e-08
4.2 6.76818654935e-08
4.21 6.56824299399e-08
4.22 6.37420444226e-08
4.23 6.18589658072e-08
4.24 6.00315023762e-08
4.25 5.82580123148e-08
4.26 5.65369022403e-08
4.27 5.48666257751e-08
4.28 5.32456821619e-08
4.29 5.16726149194e-08
4.3 5.01460105376e-08
4.31 4.86644972111e-08
4.32 4.72267436104e-08
4.33 4.58314576886e-08
4.34 4.44773855239e-08
4.35 4.31633101955e-08
4.36 4.18880506928e-08
4.37 4.06504608573e-08
4.38 3.94494283544e-08
4.39 3.82838736769e-08
4.4 3.71527491765e-08
4.41 3.60550381247e-08
4.42 3.49897538013e-08
4.43 3.39559386091e-08
4.44 3.29526632151e-08
4.45 3.19790257174e-08
4.46 3.10341508358e-08
4.47 3.01171891267e-08
4.48 2.92273162212e-08
4.49 2.83637320853e-08
4.5 2.75256603023e-08
4.51 2.67123473762e-08
4.52 2.59230620551e-08
4.53 2.51570946755e-08
4.54 2.44137565253e-08
4.55 2.36923792255e-08
4.56 2.29923141303e-08
4.57 2.23129317451e-08
4.58 2.16536211615e-08
4.59 2.10137895086e-08
4.6 2.03928614206e-08
4.61 1.9790278521e-08
4.62 1.92054989206e-08
4.63 1.8637996731e-08
4.64 1.80872615928e-08
4.65 1.7552798217e-08
4.66 1.70341259403e-08
4.67 1.65307782934e-08
4.68 1.60423025822e-08
4.69 1.5568259481e-08
4.7 1.51082226383e-08
4.71 1.46617782933e-08
4.72 1.4228524905e-08
4.73 1.38080727906e-08
4.74 1.34000437762e-08
4.75 1.30040708568e-08
4.76 1.26197978664e-08
4.77 1.22468791583e-08
4.78 1.18849792945e-08
4.79 1.15337727442e-08
4.8 1.11929435914e-08
4.81 1.0862185251e-08
4.82 1.05412001933e-08
4.83 1.02296996768e-08
4.84 9.92740348847e-09
4.85 9.63403969215e-09
4.86 9.34934438403e-09
4.87 9.07306145557e-09
4.88 8.80494236324e-09
4.89 8.54474590524e-09
4.9 8.29223800461e-09
4.91 8.04719149892e-09
4.92 7.80938593601e-09
4.93 7.57860737592e-09
4.94 7.35464819851e-09
4.95 7.13730691687e-09
4.96 6.92638799618e-09
4.97 6.72170167791e-09
4.98 6.52306380931e-09
4.99 6.33029567775e-09
5.0 6.14322385015e-09
